0.0257987976074
0.0257089138031
0.0243270397186
0.0277979373932
0.0144741535187
0.013934135437
0.0134499073029
0.0138931274414
0.0126969814301
0.0134019851685
0.0429470729823
0.0286948680878
0.014554977417
0.0161521434784
0.0111920833588
0.0174539089203
0.0137851238251
0.0140759944916
0.039913911819
0.020546913147
0.0133011341095
0.0162551403046
0.0206398963928
0.0188360214233
0.0231909751892
0.0142178535461
0.0200748443604
0.0181868076324
0.0224990844727
0.0378730297089
0.0313320350642
0.0143611431122
0.015918970108
0.0221898555756
0.0129060745239
0.0349569320679
0.026869058609
0.0137910842896
0.0141680240631
0.01979804039
0.0138928890228
0.0146851539612
0.0141489505768
0.0209000110626
0.014387845993
0.0128622055054
0.0449478626251
0.0127789974213
0.015594959259
0.0150918960571
0.0131390094757
0.0131180286407
0.0135819911957
0.0155320167542
0.0132689476013
0.0589759349823
0.02312707901
0.0378420639045
0.0419750404353
0.0831158161163
0.0492391586304
0.0697088432307
0.0328299999237
0.0442838668823
0.0516498279567
0.0150799751282
0.0351989269257
0.0610010623932
0.0902760219578
0.0380730628967
0.0618460178375
0.0436291980741
0.104279994965
0.0421268939972
0.0546398448942
0.0234849452972
0.0500140380855
0.032910823822
0.0229001045227
0.0442290306091
0.0187418460846
0.0170509815216
0.0139479637146
0.0146489143372
0.0214538574219
0.0128109455109
0.0144150257111
0.0217950344086
0.0146591663361
0.0174579620361
0.0196771621704
0.013839006424
0.0143728256226
0.0136470794678
0.0146389007568
0.0132250785828
0.0136330127716
0.0171220302582
0.0224258899689
0.0137729644775
0.0138499736786
0.0136671066284
0.0136430263519
0.0128219127655
0.0177960395813
0.0168149471283
0.0228850841522
0.0137801170349
0.0174930095673
0.0140450000763
0.012787103653
0.0159959793091
0.0168237686157
0.0126190185547
0.018657207489
0.0226240158081
0.0165328979492
0.0184011459351
0.0181291103363
0.0298368930817
0.0208089351654
0.0177309513092
0.0133399963379
0.0140011310577
0.0150980949402
0.0177049636841
0.0156328678131
0.0141432285309
0.0138499736786
0.0140249729156
0.0141050815582
0.019012928009
0.013787984848
0.0137360095978
0.0128078460693
0.0134871006012
0.01970911026
0.0139071941376
0.0158770084381
0.018296957016
0.0138111114502
0.0139579772949
0.0133650302887
0.0131719112396
0.0160028934479
0.0132651329041
0.0146019458771
0.0146679878235
0.0146090984344
0.0171809196472
0.0126578807831
0.0144910812378
0.0195419788361
0.0133299827576
0.0140511989594
0.0167500972748
0.0134980678558
0.0219860076904
0.0214440822601
0.0143280029297
0.0141999721527
0.014760017395
0.0173699855804
0.0132620334625
0.0131618976593
0.0139408111572
0.0130801200867
0.0168459415436
0.0179009437561
0.0214240550995
0.0141718387604
0.0147740840912
0.0164039134979
0.0238819122314
0.0264301300049
0.0171160697937
0.016793012619
0.0141479969025
0.0135259628296
0.01420378685
0.012745141983
0.0129120349884
0.0131149291992
0.0131020545959
0.0134491920471
0.0163149833679
0.0135481357574
0.0141401290894
0.0133349895477
0.0134768486023
0.0132949352264
0.0184469223022
0.0135250091553
0.016007900238
0.0138130187988
0.017019033432
0.0142860412598
0.0187790393829
0.0224580764771
0.0155799388885
0.0218868255615
0.0142548084259
0.0181949138641
0.0198249816895
0.0135321617126
0.0130660533905
0.0174870491028
0.0138721466064
0.0307908248906
0.0177059173584
0.0140650272369
0.0140788555145
0.0173759460449
0.0140089988708
0.0141050815582
0.0131130218506
0.0143568515778
0.0145831108093
0.0185859203339
0.0230929851532
0.0130920410156
0.0220038890839
0.0129208564758
0.0134069919586
0.013808965683
0.0136020183563
0.0138959884644
0.0142750740051
0.0140409469604
0.0171921253204
0.0217328071594
0.0178399085999
0.0177800655365
0.0161440372467
0.0139210224152
0.0162589550018
0.020702123642
0.0174648761749
0.0220589637756
0.0171670913696
0.0139629840851
0.0147700309753
0.025454044342
0.0128691196442
0.0133039951324
0.0136649608612
0.014631986618
0.0133421421051
0.0147321224213
0.0133941173553
0.0137860774994
0.0135180950165
0.0148718357086
0.0134191513062
0.0198748111725
0.0135459899902
0.0157051086426
0.0364940166473
0.029708147049
0.0837538719179
0.0604851436619
0.0564198970796
0.0626428127289
0.0355138778687
0.0374157714841
0.0340280532837
0.0336439609528
0.0217049121857
0.0395410060883
0.0292780399323
0.0713667869568
0.0478429794312
0.0446381568909
0.0981550216675
0.0386142921443
0.0296831130981
0.0569069385529
0.0166549682617
0.0138430595398
0.043958902359
0.0187849998474
0.0286490917206
0.0274279308314
0.0129330158234
0.0231997966766
0.023265838623
0.0129790306091
0.014083147049
0.0138721466064
0.0206770896912
0.01358294487
0.0168731212616
0.0181050300598
0.0148439407349
0.0139780044556
0.0292151165004
0.0341830253601
0.0341620445251
0.0231359004974
0.0209679603577
0.0439040851588
0.049691934586
0.0229051113129
0.0214850902557
0.0197100639343
0.0134890079498
0.0145030021667
0.0165939331055
0.0139811038971
0.0175068378448
0.0168199539185
0.0135748386383
0.0187299251556
0.0162220001221
0.0197150707245
0.0158598423004
0.0166070461273
0.0142548084259
0.0166981220245
0.0149800777435
0.0170149803162
0.0280301570892
0.0148341655731
0.0135400295258
0.0125269889832
0.0136930942535
0.014906167984
0.01433801651
0.0212020874023
0.0138759613037
0.0263381195064
0.0393178462982
0.0341141223907
0.0344491004944
0.0228910446167
0.0482900524139
0.0221629142761
0.0294799804688
0.0370569229126
0.0240988922114
0.0144259929657
0.0145881175995
0.0131349563599
0.0158429145813
0.0138370990753
0.0172488689423
0.0141880512238
0.0169770717621
0.0131928920746
0.015604019165
0.0203640460968
0.0169379711151
0.0145308971405
0.01340508461
0.0134789943695
0.0141141414642
0.0146450996399
0.0254380702972
0.0330140781398
0.0135209560394
0.0268371105194
0.0155429840088
0.0241329669952
0.0367748928074
0.0248329639435
0.0170180797577
0.0172839164734
0.0394940376282
0.0233540534973
0.0198199748993
0.0619180774693
0.0520439338679
0.0421009063721
0.0314569473267
0.0367181301117
0.0432748985286
0.023619890213
0.0446019363408
0.0116889476776
0.013473033905
0.0188419818878
0.0143780708313
0.0147440433502
0.0249080657959
0.0443911552429
0.0250680446625
0.0438289642334
0.0591270923615
0.0233390331268
0.0618551158905
0.0323219299316
0.0295412731166
0.0342741012573
0.0253601074219
0.04460978508
0.0338320732117
0.0247628688812
0.0299718570714
0.0440311431885
0.0131890773773
0.0137751102448
0.021427154541
0.0209980010986
0.0140619277954
0.0150909423828
0.0667050075526
0.0326118469238
0.0262880325317
0.0285680294037
0.034087896347
0.0300269317622
0.0227448940277
0.0337519645691
0.0235488414764
0.0222191810608
0.0262069702148
0.0340268611908
0.0436849594116
0.0403859615326
0.0258159637451
0.0255010128021
0.053514957428
0.032851934433
0.0409007358548
0.0488341140745
0.0435991668701
0.0431680679321
0.0244960784912
0.0272550582886
0.0257430076599
0.0387289524078
0.0541200828548
0.0404880046844
0.0618438911442
0.0234799385071
0.049998998642
0.0168581008911
0.0163149833679
0.0170199871063
0.0162389278412
0.014121055603
0.0343342018132
0.0117340087891
0.0147888660431
0.019800901413
0.0217909812927
0.0228879451752
0.0184280872345
0.0139498710632
0.0146889686584
0.0140769481659
0.014554977417
0.0135409832001
0.0140559673309
0.0143320560455
0.0208480358124
0.0191969871521
0.0142328739166
0.0157980918884
0.0137641429901
0.0178990364075
0.0227332115173
0.0150089263916
0.0172579288483
0.0134470462799
0.0171959400177
0.0195848941803
0.014997959137
0.0134589672089
0.0231020450592
0.0239081382751
0.0135109424591
0.0624359035492
0.023374080658
0.0135989189148
0.0295240879059
0.0145440101624
0.026419878006
0.0167920589447
0.0175709724426
0.0136151313782
0.018168926239
0.0250859260559
0.0138788223267
0.0149970054626
0.0166931152344
0.0136108398438
0.0209801197052
0.0140340328217
0.0185461044312
0.0127551555634
0.0140490531921
0.0173780918121
0.013592004776
0.0141930580139
0.0150971412659
0.0195360183716
0.0174369812012
0.0144259929657
0.0160670280457
0.0152812004089
0.0186629295349
0.0161969661713
0.0136239528656
0.0140709877014
0.0142929553986
0.0150349140167
0.0153901576996
0.0141201019287
0.0169270038605
0.0146670341492
0.0193309783936
0.0143721103668
0.0134398937225
0.0213780403137
0.0161468982697
0.0239198207855
0.0138800144196
0.0133459568024
0.0436489772801
0.0188488960266
0.0139558315277
0.0162389278412
0.0197019577026
0.0175540447235
0.018786907196
0.0139329433441
0.0194249153137
0.0146679878235
0.0128879547119
0.0183818340302
0.0135700702667
0.0179760456085
0.0166380405426
0.0185649394989
0.0199658870697
0.0144860744476
0.0162699222565
0.0205161571503
0.0341170024876
0.0136320590973
0.017539024353
0.017511844635
0.0140209197998
0.014573097229
0.0194931030273
0.0131080150604
0.0139329433441
0.0180621147156
0.0137190818787
0.0135941505432
0.0172259807587
0.0186829566956
0.0155069828033
0.0155899524689
0.0260679721832
0.0191128253937
0.0138511657715
0.013689994812
0.0210011005402
0.067957191467
0.0151350498199
0.0219089984894
0.0266971588135
0.0226900577545
0.0141661167145
0.0158369541168
0.0596041679382
0.0380189418793
0.0229349136353
0.0297501087189
0.0241229534149
0.0305440616612
0.0490141201017
0.0226480960846
0.040314912796
0.0294318199158
0.0420429897313
0.0296640396118
0.0232930183411
0.0313999843593
0.0204169750214
0.0296156597142
0.0195479393005
0.0223348140717
0.02272605896
0.0136179924011
0.0136480331421
0.0140290260315
0.0158848762512
0.0177829265594
0.0239880084991
0.0129141807556
0.0165140628815
0.017539024353
0.0143110752106
0.0146248340607
0.0171921253204
0.0299351406102
0.0133380889893
0.0177969932556
0.0218110179903
0.0144658088684
0.0144150257111
0.0155520439148
0.0131351947784
0.0167639255524
0.0171310901642
0.016105890274
0.0145130157471
0.0212700366974
0.0188641548157
0.0139389038086
0.0320680141449
0.0186159610748
0.0161910057068
0.0143191814423
0.0160958766937
0.0141181945801
0.0177910327911
0.022782087326
0.0135090351105
0.0447678565979
0.0178070068359
0.0184359550476
0.0278120040894
0.0174090862274
0.0201370716095
0.0194230079651
0.0134780406952
0.0135898590088
0.0206389522555
0.0115139484406
0.0161550045013
0.0174379348755
0.014209985733
0.0135068893433
0.0138521194458
0.0203049278261
0.0171439647675
0.0158729553223
0.0138120651245
0.0139808654785
0.0135910511017
0.0170800685883
0.0142819881439
0.0181159973145
0.020250082016
0.0142948627472
0.0178029537201
0.0223488807678
0.0188989639282
0.0145120620728
0.0142469406128
0.0120570659637
0.0176360607147
0.02485704422
0.0120451450348
0.0138759613037
0.0136270523071
0.0169460773468
0.0446789455418
0.0385899543762
0.0539309978485
0.0453169345856
0.0275118541722
0.0401830959327
0.0231809616089
0.0230491161346
0.0252439975739
0.017245054245
0.0138580799103
0.0233819484711
0.0146379470825
0.0184581279755
0.0165121555328
0.0208170413971
0.0172159671783
0.014967918396
0.0133299827576
0.0258400440216
0.0234489440918
0.0427229404449
0.0391969966895
0.0428078174591
0.0440239906311
0.0301368427272
0.0238449573517
0.0349900722504
0.030965089798
0.0579271602628
0.0235130786896
0.0225009918213
0.0236301422119
0.0238780975342
0.0236551761627
0.0300579071045
0.0235319137573
0.027144908905
0.0232131481171
0.0335757732391
0.0130181312561
0.0249681472778
0.0135478973389
0.0143020153046
0.0134720802307
0.0191648101809
0.0181429386139
0.0165228843689
0.0194051265717
0.0133488178253
0.0137619972229
0.0178120136261
0.0180160999298
0.013787984848
0.0397260475156
0.0225563049316
0.0228118896484
0.0235629081726
0.0424740505214
0.0124208927155
0.0387279987335
0.0168929100037
0.0169548988342
0.0163669586182
0.0140030384064
0.0137300491333
0.0135779380798
0.0211107730865
0.0141179561615
0.0140550136566
0.0195639133453
0.0232889652252
0.016636133194
0.0157380104065
0.0175230503082
0.0142118930817
0.0162460803986
0.0208101272583
0.0147850513458
0.0252530574799
0.0198938846588
0.0201418399811
0.0300679206848
0.0241639614105
0.0417168331142
0.0337970256805
0.0250890254974
0.0440113544464
0.0592970848083
0.0138111114502
0.0133571624756
0.014014005661
0.0379469394684
0.0222492218018
0.0116910934448
0.0771460533142