0.0232789516449
0.0271399021149
0.0480990409851
0.0132529735565
0.0172820091248
0.0173189640045
0.0149838924408
0.0138909816742
0.0216920375824
0.0126328468323
0.0137581825256
0.0393850803375
0.0219748020172
0.0225792026522
0.0166020393372
0.0154848098755
0.0132749080658
0.0133981704712
0.0132851600647
0.0177230834961
0.0176229476929
0.0157339572906
0.0132999420166
0.0182600021362
0.0359761714935
0.0209250450134
0.0213570594788
0.0181269645691
0.0135140419006
0.0133039951324
0.0139100551605
0.0180289745331
0.0124940872192
0.0137319564819
0.0145258903503
0.0175340175629
0.020879983902
0.0138418674469
0.0259459018707
0.0338549613953
0.0225479602814
0.0209891796112
0.0139842033386
0.0135340690613
0.0131599903107
0.014004945755
0.0133881568909
0.0119440555573
0.0199320316315
0.0233449935913
0.0424418449402
0.0385527896879
0.0217871665955
0.0284249973301
0.032968044281
0.0298900794987
0.0559831142427
0.0317008495331
0.0382630825043
0.0315120220184
0.0292201042175
0.0657029151917
0.026691198349
0.0747878837592
0.0735340404508
0.102050065994
0.0609810352325
0.0676560783386
0.0363419055939
0.0414099884028
0.0323379230504
0.0515289306641
0.0167779922485
0.0141868591309
0.0133891105652
0.0185749530792
0.0177290439606
0.0171320438385
0.0130059719086
0.0138959884644
0.0140149593353
0.0207281112671
0.0232989788055
0.0290539264679
0.0165240764618
0.0124940872192
0.0136330127716
0.0151498317719
0.0208990573883
0.0134530067444
0.0132279396057
0.019800901413
0.0248148441315
0.0128450393677
0.0218019485474
0.0123491287231
0.0176479816437
0.0174369812012
0.0163378715515
0.0135169029236
0.0163791179657
0.0128910541534
0.0134069919586
0.0131869316101
0.0136160850525
0.0129549503326
0.0170168876648
0.0200278759003
0.017434835434
0.020271062851
0.0135450363159
0.013993024826
0.0244810581207
0.0167019367218
0.0163397789001
0.0142710208893
0.0397799301145
0.0130507946014
0.014456987381
0.0216190814972
0.0165960788727
0.0143249034882
0.0124409198761
0.0133948326111
0.0226979255676
0.0123498439789
0.0130481719971
0.0136001110077
0.0224831104279
0.0139980316162
0.013533115387
0.0129330158234
0.013748884201
0.0378019809723
0.0123031139374
0.0132279396057
0.0140111446381
0.0126991271973
0.0132648944855
0.0139589309692
0.0129089355469
0.0141279697418
0.0129909515381
0.0139410495758
0.039402961731
0.0136520862579
0.014436006546
0.0137619972229
0.0167529582977
0.0193791389465
0.0214540958405
0.0146760940552
0.0215239524841
0.0170819759369
0.0127120018005
0.0162160396576
0.0133800506592
0.0131158828735
0.0129988193512
0.0138761997223
0.0130608081818
0.0134518146515
0.0138459205627
0.0164229869843
0.0182659626007
0.0127511024475
0.0135178565979
0.0140678882599
0.0128579139709
0.0276989936829
0.0124809741974
0.0127148628235
0.0476491451263
0.0179138183594
0.0132141113281
0.0134260654449
0.0151679515839
0.0199310779572
0.014573097229
0.0183429718018
0.0137951374054
0.0130341053009
0.0195360183716
0.0138220787048
0.0135660171509
0.0138549804688
0.01744389534
0.013218164444
0.0129840373993
0.0166261196136
0.0138370990753
0.0142548084259
0.0131990909576
0.0190489292145
0.0161221027374
0.0153450965881
0.0132420063019
0.0136210918427
0.0170750617981
0.0132300853729
0.0147750377655
0.0132660865784
0.0145349502563
0.0169479846954
0.0127241611481
0.0146570205688
0.0138862133026
0.0131130218506
0.0137059688568
0.0131011009216
0.0243339538574
0.0137000083923
0.0138900279999
0.0158228874207
0.014016866684
0.0138590335846
0.0170521736145
0.0177021026611
0.018187046051
0.021497964859
0.0139849185944
0.0152850151062
0.0138959884644
0.0171759128571
0.0164570808411
0.0169818401337
0.0175349712372
0.0158069133759
0.0145800113678
0.0211379528046
0.0141611099243
0.0138299465179
0.0129079818726
0.0208990573883
0.0250680446625
0.0452590179439
0.0459070205688
0.0331108570099
0.033084154129
0.0133349895477
0.0672609806061
0.0653672218323
0.0448150825505
0.033863067627
0.0447828769684
0.0689380359654
0.0925879478455
0.045233983994
0.0339138507843
0.0645067691803
0.0354430675507
0.0294210910797
0.0228071212769
0.024747133255
0.0150089263916
0.0141451358795
0.0133287906647
0.015594959259
0.0180430412292
0.0135769844055
0.0207390785217
0.0136811733246
0.0177249908447
0.016135931015
0.0216629505157
0.0134761333466
0.0233390331268
0.0230619907379
0.014270067215
0.0252239704132
0.0399310588837
0.0513520526883
0.043181180954
0.0619287776944
0.0549020767212
0.0131380558014
0.0135610103607
0.0129868984222
0.0136890411377
0.0132410526276
0.0142369270325
0.0273959636688
0.0156280994415
0.0345091819763
0.0167419910431
0.0159139633179
0.013347864151
0.0167880058289
0.0178420543671
0.0166919231415
0.0165209770203
0.0172390937805
0.0160238742828
0.023029088974
0.0136880874634
0.0160739421844
0.0184178352356
0.0456850528717
0.031585931778
0.0422279834747
0.0414688587189
0.0438010692596
0.0212001800537
0.02578997612
0.0322318077087
0.0255250930786
0.0165700912476
0.0135118961334
0.013167142868
0.0165920257568
0.0134208202362
0.0193638801575
0.0226318836212
0.0151710510254
0.015477180481
0.012943983078
0.0134739875793
0.0188140869141
0.0168449878693
0.024169921875
0.0134489536285
0.0127189159393
0.0135188102722
0.0133321285248
0.0154008865356
0.0111517906189
0.0241889953613
0.013729095459
0.0221650600433
0.0133512020111
0.035178918838
0.0449221324916
0.0260462760925
0.0323729515076
0.0505440521247
0.0346811103818
0.0281960964203
0.0443649291992
0.0149610042572
0.0130159854889
0.0152571201324
0.0169179439545
0.0163807868958
0.0164678096771
0.0320589542389
0.0236849784851
0.0235090255737
0.0236308574677
0.0241470336914
0.0394670963287
0.02259516716
0.0450439453125
0.0352277946467
0.0418739604947
0.0337190628052
0.062467126847
0.0264310836792
0.0338549613953
0.0746731758118
0.0255799293518
0.0176069736481
0.0186378955841
0.0149099826813
0.0197629928589
0.0167241096497
0.0141541957855
0.0331900119781
0.0492730140686
0.0355396461491
0.056077003479
0.0233161449432
0.0398740959172
0.0472378730774
0.0575549602509
0.0230529308319
0.022805929184
0.022696018219
0.0231380462646
0.0225729942322
0.0237548351288
0.0305140018463
0.0344219207764
0.0416040611271
0.0230848789215
0.0129020214081
0.0435009193416
0.0536329746246
0.022351026535
0.0831699371338
0.0234358310699
0.0244669914246
0.0365560054779
0.0181987285614
0.0470688533787
0.023992061615
0.0136590003967
0.0177850723267
0.0536630153656
0.0194370746613
0.0135660171509
0.0134921073914
0.0139439105988
0.0137281417847
0.0162160396576
0.0203402042389
0.0403568744659
0.0155320167542
0.021064043045
0.0296959877014
0.0296041965485
0.013288974762
0.0183038711548
0.0188579559326
0.0133690834045
0.0162770748138
0.0132238864899
0.0183839797974
0.0138070583344
0.0121009349823
0.0135748386383
0.0149810314178
0.0153529644012
0.0164399147034
0.0314149856567
0.0160698890686
0.0129971504211
0.0177519321442
0.0133259296417
0.0142359733582
0.0241839885712
0.0215389728546
0.0141808986664
0.022234916687
0.0192701816559
0.0168581008911
0.0141780376434
0.0144889354706
0.013986825943
0.0130000114441
0.0163259506226
0.0184807777405
0.0129368305206
0.017541885376
0.0165159702301
0.0135369300842
0.0190172195435
0.0184359550476
0.0142109394073
0.0138530731201
0.0141179561615
0.0131208896637
0.0137259960175
0.0137250423431
0.0221481323242
0.0138561725616
0.0171880722046
0.018933057785
0.0133500099182
0.0155999660492
0.0161759853363
0.013237953186
0.0194470882416
0.0135309696198
0.0246198177338
0.0133309364319
0.0221979618073
0.116229143143
0.0164120197296
0.0232720375061
0.0164461135864
0.0208568572998
0.0139501094818
0.0188570022583
0.0231499671936
0.0133101940155
0.0128450393677
0.0135650634766
0.023618221283
0.0152609348297
0.0164220333099
0.0177340507507
0.0175020694733
0.0316508007045
0.0165729522705
0.014016866684
0.0137810707092
0.0201549530029
0.0165300369263
0.0149130821228
0.0146880149841
0.0131471157074
0.0140779018402
0.0204479694366
0.0137610435486
0.0238959789276
0.0192761421204
0.019905090332
0.0134489536285
0.0136470794678
0.0157880783081
0.01402592659
0.0170199871063
0.0137090682983
0.0679819583893
0.0384109020233
0.0335099697113
0.0304911136627
0.0236079692841
0.0507118701935
0.0403909873958
0.0434439373012
0.00850701332092
0.0261080265045
0.0307789039607
0.0239608287811
0.0242891311646
0.0409181404111
0.025221824646
0.0235509872437
0.0102980136871
0.0170369148254
0.0142278671265
0.0141661167145
0.0199139118195
0.0123620033264
0.0127680301666
0.0352871608729
0.0276398658752
0.0224251747131
0.0136029720306
0.0242128372192
0.0184450149536
0.0134220123291
0.0132448673248
0.0131099224091
0.0293979835506
0.015750169754
0.0134391784668
0.0143659114838
0.0282080173492
0.018189907074
0.0147399902344
0.0128748416901
0.0137360095978
0.0130770206451
0.0166440010071
0.0150699615479
0.0212600231171
0.079293050766
0.0135080814362
0.016713142395
0.0140910148621
0.0128448009491
0.0137529373169
0.0135309696198
0.0150690078735
0.0309877586369
0.0230720043182
0.0133159160614
0.0278611183167
0.0369439125061
0.0131092071533
0.0224289894104
0.0131919384003
0.012913942337
0.0124459266663
0.0168631076813
0.0162498950958
0.0137431621552
0.0199818611145
0.0162501335144
0.0128290653229
0.0225789546967
0.0167968273163
0.0345890522003
0.016233921051
0.0138370990753
0.0199120044708
0.0166699886322
0.0132739543915
0.0120379924774
0.0177989006042
0.0134930610657
0.0201821327209
0.0128328800201
0.0127799510956
0.0169320106506
0.0134220123291
0.0218730068209
0.0176138877869
0.0129199028015
0.0135250091553
0.0377938747406
0.0397849082947
0.013190984726
0.0231730937958
0.0365030765533
0.0239379405975
0.0227890014648
0.0162930488586
0.0195410251617
0.0180609226227
0.0130040645599
0.0157070159912
0.0130729675293
0.0129358768463
0.0130529403687
0.01509308815
0.0240731239319
0.0131270885468
0.0223820209503
0.0232629776001
0.0624568462372
0.0541141033173
0.0219278335571
0.0307509899139
0.025230884552
0.0209150314331
0.0256700515747
0.0325479507446
0.0368950366974
0.0240528583527
0.0349960327148
0.0223548412323
0.0223789215088
0.0226838588715
0.0289740562439
0.0239610671997
0.0282571411135
0.0389750289924
0.0379440975184
0.015233039856
0.0165920257568
0.0190050601959
0.016077041626
0.016489982605
0.0204870700836
0.0206508636475
0.0128529071808
0.0130319595337
0.0198051929474
0.0136868953705
0.0361731052399
0.050402917861
0.0205371379852
0.0218300819397
0.0263159465785
0.0285849761967
0.0559499740602
0.016086101532
0.0173289775848
0.0132529735565
0.0203740596771
0.0157899856567
0.0171580314636
0.0156190395355
0.0213871002197
0.0180430412292
0.0221841335297
0.0167391300201
0.0213100910187
0.0135228633881
0.0226321220398
0.013601064682
0.0136179924011
0.0143749713898
0.0138790607452
0.0320978164673
0.0564229488373
0.0235750675201
0.0575129985809
0.0616119289398
0.0274729919429
0.0188810825348
0.0168828964233
0.0238268375397
0.01384806633
0.0235278606415
0.0103478431702