timestamp transmit receive rx_error tx_error rx_drop tx_drop transmit receive rx_error tx_error rx_drop tx_drop 
1456942230.68 944812016 27148122 0 0 0 0 776619122 18723963 0 0 0 0
1456942253.55 950431083 27271753 0 0 0 0 781418035 18831672 0 0 0 0
1456942276.55 958111683 27425830 0 0 0 0 789531923 19001778 0 0 0 0
1456942299.53 963677974 27538832 0 0 0 0 793517095 19095475 0 0 0 0
1456942322.52 970938454 27681688 0 0 0 0 799678163 19213541 0 0 0 0
1456942345.88 977494677 27809821 0 0 0 0 806350200 19372944 0 0 0 0
1456942369.19 986601188 27963251 0 0 0 0 811286635 19479251 0 0 0 0
1456942392.57 994428528 28104204 0 0 0 0 821137115 19683175 0 0 0 0
1456942415.47 1001634572 28213854 0 0 0 0 825242101 19773463 0 0 0 0
1456942438.53 1008343812 28354298 0 0 0 0 832896874 19924246 0 0 0 0
1456942461.74 1014164510 28488672 0 0 0 0 838456150 20064014 0 0 0 0
1456942484.99 1025478700 28669557 0 0 0 0 844993607 20175541 0 0 0 0
1456942508.02 1030502168 28763800 0 0 0 0 851753187 20338797 0 0 0 0
1456942531.11 1039742559 28911108 0 0 0 0 856909835 20434243 0 0 0 0
1456942554.39 1044821732 29031262 0 0 0 0 863128520 20575652 0 0 0 0
1456942577.3 1048357629 29167965 0 0 0 0 866615610 20659032 0 0 0 0
1456942600.65 1056296004 29350733 0 0 0 0 874376495 20811909 0 0 0 0
1456942623.86 1063385022 29470093 0 0 0 0 880685071 20965031 0 0 0 0
1456942647.18 1074276454 29646322 0 0 0 0 887330139 21076287 0 0 0 0
1456942670.15 1078692756 29737632 0 0 0 0 893621692 21232798 0 0 0 0
1456942693.04 1085208405 29853217 0 0 0 0 898735980 21342386 0 0 0 0
1456942716.42 1094354240 30008729 0 0 0 0 906385381 21497299 0 0 0 0
1456942739.3 1098498502 30133605 0 0 0 0 911853268 21616787 0 0 0 0
1456942762.64 1110508048 30310750 0 0 0 0 920467310 21778055 0 0 0 0
1456942785.69 1116001105 30409392 0 0 0 0 924880395 21892652 0 0 0 0
1456942808.87 1123689412 30548111 0 0 0 0 929950687 21984542 0 0 0 0
1456942832.15 1129401875 30746275 0 0 0 0 937507479 22160604 0 0 0 0
1456942855.07 1136198155 30983467 0 0 0 0 942376992 22275673 0 0 0 0
1456942878.29 1146318537 31379536 0 0 0 0 950936464 22465341 0 0 0 0
1456942901.22 1150735293 31559390 0 0 0 0 954989905 22551292 0 0 0 0
1456942924.27 1157802226 31818138 0 0 0 0 960960691 22673632 0 0 0 0
1456942947.54 1164773576 32089778 0 0 0 0 966692124 22816981 0 0 0 0
1456942970.85 1175280101 32440245 0 0 0 0 972204717 22926896 0 0 0 0
1456942994.13 1183368872 32751736 0 0 0 0 982085211 23145854 0 0 0 0
1456943017.02 1190674675 32986846 0 0 0 0 986788959 23232611 0 0 0 0
1456943042.21 1197609315 33248492 0 0 0 0 993409602 23371067 0 0 0 0
1456943065.61 1203375870 33466703 0 0 0 0 998969242 23502971 0 0 0 0
1456943088.96 1214378975 33834740 0 0 0 0 1005637743 23622322 0 0 0 0
1456943112.26 1221970800 34118087 0 0 0 0 1014180637 23831658 0 0 0 0
1456943135.19 1229813228 34366631 0 0 0 0 1018839923 23929464 0 0 0 0
1456943158.17 1236022650 34607579 0 0 0 0 1025729500 24088625 0 0 0 0
1456943181.05 1240549252 34818661 0 0 0 0 1031007990 24201287 0 0 0 0
1456943204.03 1251514566 35166558 0 0 0 0 1038166393 24320786 0 0 0 0
1456943227.33 1257170063 35378103 0 0 0 0 1044361385 24477210 0 0 0 0
1456943250.44 1267430205 35705209 0 0 0 0 1050886777 24588220 0 0 0 0
1456943274.71 1271909626 35895982 0 0 0 0 1056922890 24740253 0 0 0 0
1456943297.61 1276639948 36048661 0 0 0 0 1061811748 24830517 0 0 0 0
1456943320.95 1288241480 36479079 0 0 0 0 1071039971 25014088 0 0 0 0
1456943344.15 1295741883 36763256 0 0 0 0 1076462311 25128768 0 0 0 0
1456943367.17 1305522493 37077229 0 0 0 0 1083502921 25254708 0 0 0 0
1456943390.18 1310431018 37257643 0 0 0 0 1088112794 25373753 0 0 0 0
1456943413.21 1317151258 37475814 0 0 0 0 1093393846 25453629 0 0 0 0
1456943436.65 1327108785 37853454 0 0 0 0 1100425968 25625123 0 0 0 0
1456943459.95 1331891288 38036885 0 0 0 0 1105092943 25720868 0 0 0 0
1456943483.22 1345493230 38507623 0 0 0 0 1114926097 25910044 0 0 0 0
1456943506.12 1351531932 38729213 0 0 0 0 1119147322 25990589 0 0 0 0
1456943544.92 1361567374 39089478 0 0 0 0 1127173437 26171872 0 0 0 0
1456943568.09 1370609608 39404057 0 0 0 0 1136236570 26321697 0 0 0 0
1456943591.34 1380157210 39739672 0 0 0 0 1141672517 26460697 0 0 0 0
1456943614.4 1389641195 40059392 0 0 0 0 1148585305 26561263 0 0 0 0
1456943637.45 1395845686 40314635 0 0 0 0 1154196880 26706426 0 0 0 0
1456943660.47 1400703514 40480816 0 0 0 0 1159314059 26774760 0 0 0 0
1456943683.45 1412747661 40936376 0 0 0 0 1166192780 26910095 0 0 0 0
1456943706.8 1419305344 41225258 0 0 0 0 1171183010 26998151 0 0 0 0
1456943729.95 1432253411 41656318 0 0 0 0 1180299848 27174911 0 0 0 0
1456943752.93 1438204594 41875524 0 0 0 0 1184030142 27259902 0 0 0 0
1456943775.97 1443918296 42072095 0 0 0 0 1190851840 27377724 0 0 0 0
1456943799.31 1457125283 42590184 0 0 0 0 1195799872 27506581 0 0 0 0
1456943822.29 1463848504 42817745 0 0 0 0 1201783147 27555473 0 0 0 0
1456943845.52 1479392438 43392210 0 0 0 0 1209046355 27733629 0 0 0 0
1456943868.46 1483678731 43577026 0 0 0 0 1213873348 27801058 0 0 0 0
1456943891.48 1492012789 43876376 0 0 0 0 1222228394 27948446 0 0 0 0
1456943914.73 1501321134 44244398 0 0 0 0 1227018012 28038484 0 0 0 0
1456943937.76 1511347429 44536975 0 0 0 0 1235926153 28178181 0 0 0 0
1456943961.02 1523887047 44998772 0 0 0 0 1240828701 28306795 0 0 0 0
1456943984.01 1530252478 45206478 0 0 0 0 1247958902 28377606 0 0 0 0
1456944007.09 1538610679 45509747 0 0 0 0 1253541190 28522056 0 0 0 0
1456944030.4 1543476198 45721395 0 0 0 0 1258773664 28594386 0 0 0 0
1456944053.61 1559774243 46262437 0 0 0 0 1268459299 28746917 0 0 0 0
1456944076.8 1567552532 46573108 0 0 0 0 1272700383 28831453 0 0 0 0
1456944099.8 1576947373 46849968 0 0 0 0 1281090203 28950402 0 0 0 0
1456944122.83 1583206952 47104377 0 0 0 0 1285172804 29045756 0 0 0 0
1456944145.79 1588086335 47274518 0 0 0 0 1293471665 29168809 0 0 0 0
1456944168.8 1600945034 47713281 0 0 0 0 1298788948 29277458 0 0 0 0