1455042500.58 1918090 1175837 0 0 0 0
1455042561.6 1928836 1185655 0 0 0 0
1455042631.25 1938411 1194028 0 0 0 0
1455042692.28 4017458 1340877 0 0 0 0
1455042753.3 4545512 1589592 0 0 0 0
1455042829.21 4589949 1621493 0 0 0 0
1455042890.26 4901459 1710010 0 0 0 0
1455042951.19 4958575 1769795 0 0 0 0
1455043012.23 4959223 1770185 0 0 0 0
1455043073.12 4959439 1770185 0 0 0 0
1455043134.21 4960087 1770575 0 0 0 0
1455043195.15 4960087 1770575 0 0 0 0
1455043256.08 4960735 1770965 0 0 0 0
1455043317.03 4960735 1770965 0 0 0 0
1455043378.04 4961319 1771309 0 0 0 0
1455043438.98 4961319 1771309 0 0 0 0
1455043499.9 4961967 1771699 0 0 0 0
1455043560.78 4962183 1771699 0 0 0 0
1455043621.77 4962415 1771745 0 0 0 0
1455043683.06 4962415 1771745 0 0 0 0
1455043743.97 4962999 1772089 0 0 0 0
1455043804.87 4962999 1772089 0 0 0 0
1455043870.81 4963799 1772433 0 0 0 0
1455043939.44 4963799 1772433 0 0 0 0
1455044000.39 4964447 1772823 0 0 0 0
1455044061.32 4964447 1772823 0 0 0 0
1455044122.28 4965095 1773213 0 0 0 0
1455044183.23 4965095 1773213 0 0 0 0
1455044249.23 4965743 1773603 0 0 0 0
1455044310.15 4966205 1773797 0 0 0 0
1455044371.08 4967069 1774187 0 0 0 0
1455044432.0 4967069 1774187 0 0 0 0
1455044493.1 4967717 1774577 0 0 0 0
1455044554.09 4967717 1774577 0 0 0 0
1455044615.02 4968365 1774967 0 0 0 0
1455044675.96 4968365 1774967 0 0 0 0
1455044736.9 4968949 1775311 0 0 0 0
1455044797.81 6052973 2177375 0 0 0 0
1455044866.79 6124040 2218165 0 0 0 0
1455044927.81 6152898 2243038 0 0 0 0
1455044988.8 6506450 2364194 0 0 0 0
1455045049.72 7364342 2503109 0 0 0 0
1455045110.62 7462700 2553776 0 0 0 0
1455045171.62 7902078 2723699 0 0 0 0
1455045232.65 8224114 2783801 0 0 0 0
1455045293.56 8230883 2789882 0 0 0 0
1455045354.47 8298741 2834067 0 0 0 0
1455045415.41 8626378 2969478 0 0 0 0
1455045476.43 9057389 3152111 0 0 0 0
1455045537.34 9062749 3159675 0 0 0 0
1455045598.24 9067203 3164144 0 0 0 0
1455045659.16 9070968 3167432 0 0 0 0
1455045720.06 9098939 3181767 0 0 0 0
1455045780.98 9183006 3237827 0 0 0 0
1455045841.9 9187413 3241502 0 0 0 0
1455045902.79 11560642 3563655 0 0 0 0
1455045963.75 11670274 3606592 0 0 0 0
1455046024.73 13954989 4067059 0 0 0 0
1455046094.26 14008177 4104826 0 0 0 0
1455046155.25 14020101 4125812 0 0 0 0
1455046216.23 14574316 4310002 0 0 0 0
1455046277.35 16620099 4600366 0 0 0 0
1455046338.29 16720650 4635668 0 0 0 0
1455046399.31 16939751 4726436 0 0 0 0
1455046460.26 17500092 4945740 0 0 0 0
1455046521.2 17843460 5020847 0 0 0 0
1455046582.17 17859427 5041926 0 0 0 0
1455046643.07 17994844 5112052 0 0 0 0
1455046704.0 18037015 5143628 0 0 0 0
1455046764.94 18042539 5152328 0 0 0 0
1455046825.85 18059761 5167723 0 0 0 0
1455046886.81 18082832 5180620 0 0 0 0
1455046947.79 18101381 5191832 0 0 0 0
1455047008.78 18114572 5204714 0 0 0 0
1455047079.78 18116906 5208595 0 0 0 0
1455047140.75 18123587 5213028 0 0 0 0
1455047201.72 19869002 5464048 0 0 0 0
1455047262.71 20280687 5674135 0 0 0 0
1455047323.62 20298314 5687427 0 0 0 0
1455047384.53 20395053 5736393 0 0 0 0
1455047445.48 20408516 5748945 0 0 0 0
1455047506.38 20413326 5753178 0 0 0 0
1455047567.27 20415122 5755440 0 0 0 0
1455047628.22 20422390 5765668 0 0 0 0
1455047689.3 20486803 5772920 0 0 0 0
1455047750.37 20489401 5775668 0 0 0 0
1455047818.9 20489879 5776934 0 0 0 0
1455047879.94 20538903 5795995 0 0 0 0
1455047940.95 20703573 5852838 0 0 0 0
1455048001.96 20707726 5856949 0 0 0 0
1455048062.89 21316972 5916663 0 0 0 0
1455048123.83 21320204 5919433 0 0 0 0
1455048184.72 21329977 5923996 0 0 0 0
1455048245.68 21332204 5926052 0 0 0 0
1455048306.68 21334130 5927872 0 0 0 0
1455048367.63 24447870 6210514 0 0 0 0
1455048428.58 25303488 6294125 0 0 0 0
1455048489.96 25306415 6296664 0 0 0 0
1455048550.98 25312289 6305330 0 0 0 0
1455048611.93 25317036 6312151 0 0 0 0
1455048672.84 25336137 6323823 0 0 0 0
1455048733.73 25336730 6324524 0 0 0 0
1455048794.64 25358843 6335575 0 0 0 0
1455048855.51 25778240 6496932 0 0 0 0
1455048916.42 26448292 6795008 0 0 0 0
1455048985.3 26506079 6819274 0 0 0 0
1455049046.22 34787707 7014839 0 0 0 0
1455049107.16 34792732 7018834 0 0 0 0
1455049168.06 34795375 7021513 0 0 0 0
1455049228.99 37035909 7121026 0 0 0 0
1455049289.92 37042434 7128733 0 0 0 0
1455049350.85 37043535 7129560 0 0 0 0
1455049411.81 37175979 7158315 0 0 0 0
1455049472.7 40422709 7374944 0 0 0 0
1455049533.59 40877182 7421815 0 0 0 0
1455049594.49 40880254 7424370 0 0 0 0
1455049655.36 40930585 7445481 0 0 0 0
1455049716.25 40934545 7448750 0 0 0 0
1455049777.17 40937694 7451585 0 0 0 0
1455049838.09 40947221 7459519 0 0 0 0
1455049899.03 40998588 7492799 0 0 0 0
1455049959.94 44174857 7812391 0 0 0 0
1455050020.84 49709226 7880655 0 0 0 0
1455050081.8 49714504 7884705 0 0 0 0
1455050142.89 49739373 7899793 0 0 0 0
1455050203.9 49759208 7915509 0 0 0 0
1455050264.92 49813412 7937889 0 0 0 0
1455050325.9 49823225 7945902 0 0 0 0
1455050386.9 49829940 7951947 0 0 0 0
1455050448.23 49831609 7953098 0 0 0 0
1455050509.13 49864447 7974263 0 0 0 0
1455050570.1 49866125 7976430 0 0 0 0
1455050631.04 49871896 7983038 0 0 0 0
1455050692.01 49873057 7984189 0 0 0 0
1455050752.95 49874896 7985856 0 0 0 0
1455050813.91 49909424 7999289 0 0 0 0
1455050881.23 49951352 8012952 0 0 0 0
1455050942.21 49963583 8019536 0 0 0 0
1455051003.23 49971335 8027337 0 0 0 0
1455051064.26 49978890 8031131 0 0 0 0
1455051125.2 49980143 8032941 0 0 0 0
1455051186.27 49989176 8036804 0 0 0 0
1455051247.25 49994009 8044541 0 0 0 0
1455051308.21 50005858 8057997 0 0 0 0
1455051369.21 50006529 8059244 0 0 0 0
1455051430.13 50058944 8083194 0 0 0 0
1455051491.14 50071003 8088124 0 0 0 0
1455051552.19 50073461 8090430 0 0 0 0
1455051613.18 50073984 8091425 0 0 0 0
1455051674.17 50441809 8212482 0 0 0 0
1455051735.15 50562902 8273548 0 0 0 0
1455051796.07 50568901 8278195 0 0 0 0
1455051856.99 50605209 8289273 0 0 0 0
1455051917.93 50680824 8310936 0 0 0 0
1455051978.89 50783051 8357347 0 0 0 0
1455052039.85 51168565 8395953 0 0 0 0
1455052100.79 51171387 8398645 0 0 0 0
1455052161.7 51188798 8417034 0 0 0 0
1455052222.65 51190959 8418443 0 0 0 0
1455052283.62 51249064 8436043 0 0 0 0
1455052344.62 51250527 8437715 0 0 0 0
1455052405.61 51289380 8463092 0 0 0 0
1455052466.62 51292142 8467540 0 0 0 0
1455052527.56 51299533 8477515 0 0 0 0
1455052588.51 51300789 8479340 0 0 0 0
1455052649.54 51351877 8500206 0 0 0 0
1455052710.47 51359086 8509241 0 0 0 0
1455052771.41 51361340 8510566 0 0 0 0
1455052832.37 51361863 8511483 0 0 0 0
1455052893.27 51363569 8513331 0 0 0 0
1455052954.19 51364689 8515060 0 0 0 0
1455053015.15 51373294 8524647 0 0 0 0
1455053076.1 51416665 8535084 0 0 0 0
1455053137.03 51417568 8536195 0 0 0 0
1455053198.03 51670320 8577164 0 0 0 0
1455053259.05 52600414 8649340 0 0 0 0
1455053319.93 52670108 8662763 0 0 0 0
1455053380.86 52673233 8665524 0 0 0 0
1455053441.82 52677403 8668925 0 0 0 0
1455053502.81 52678912 8670166 0 0 0 0
1455053563.82 52680564 8671791 0 0 0 0
1455053625.11 52687355 8680243 0 0 0 0
1455053686.04 52707235 8690356 0 0 0 0
1455053746.91 52707974 8691273 0 0 0 0
1455053807.84 52731711 8709642 0 0 0 0
1455053872.17 52788986 8737619 0 0 0 0
1455053933.11 52798708 8745893 0 0 0 0
1455053994.04 52817937 8764356 0 0 0 0
1455054062.81 52823415 8770086 0 0 0 0
1455054123.74 52824430 8771237 0 0 0 0
1455054184.8 52927410 10128617 0 0 0 0
1455054245.8 52933347 10133831 0 0 0 0
1455054306.77 52935152 10136150 0 0 0 0
1455054367.72 52939801 10141953 0 0 0 0
1455054428.72 52988601 10162358 0 0 0 0
1455054490.05 52998516 10167115 0 0 0 0
1455054551.15 53011311 10174071 0 0 0 0
1455054612.07 53015592 10180511 0 0 0 0
1455054673.02 53017139 10182590 0 0 0 0
1455054734.02 54660208 10349516 0 0 0 0
1455054809.92 54666563 10355051 0 0 0 0
1455054870.89 54675862 10365271 0 0 0 0
1455054931.88 54684329 10376939 0 0 0 0
1455054992.88 54687231 10379536 0 0 0 0
1455055053.92 54734795 10398545 0 0 0 0
1455055119.93 54736382 10399794 0 0 0 0
1455055180.87 54738303 10401971 0 0 0 0
1455055241.82 54738979 10403188 0 0 0 0
1455055302.71 54740660 10405356 0 0 0 0
1455055363.63 54741399 10406663 0 0 0 0
1455055433.07 57301817 10492316 0 0 0 0
1455055494.12 57306050 10497708 0 0 0 0
1455055555.09 57429503 10542233 0 0 0 0
1455055616.0 58334868 10603674 0 0 0 0
1455055676.91 58383872 10622087 0 0 0 0
1455055737.88 58385283 10623430 0 0 0 0
1455055798.91 58394932 10636301 0 0 0 0
1455055859.8 58408918 10648220 0 0 0 0
1455055929.02 58421661 10659478 0 0 0 0
1455055989.95 58422987 10661306 0 0 0 0
1455056050.96 58428635 10669780 0 0 0 0
1455056111.88 58429490 10670679 0 0 0 0
1455056172.8 58455136 10686868 0 0 0 0
1455056233.71 58502211 10703978 0 0 0 0
1455056294.6 58504360 10706585 0 0 0 0
1455056355.49 58505320 10707706 0 0 0 0
1455056416.43 58507605 10710291 0 0 0 0
1455056477.32 58515704 10713168 0 0 0 0
1455056538.26 58530784 10731245 0 0 0 0
1455056599.3 58547175 10737918 0 0 0 0
1455056660.3 58841709 10801221 0 0 0 0
1455056729.3 58847071 10809411 0 0 0 0
1455056790.29 58849676 10812030 0 0 0 0
1455056851.26 58897593 10830252 0 0 0 0
1455056912.31 58901100 10833534 0 0 0 0
1455056973.38 58924780 10843363 0 0 0 0
1455057034.45 58926692 10844990 0 0 0 0
1455057095.46 58927673 10846445 0 0 0 0
1455057156.42 58977795 10872617 0 0 0 0
1455057217.41 58978279 10872663 0 0 0 0
1455057278.85 58979175 10872921 0 0 0 0
1455057340.08 58979803 10873053 0 0 0 0
1455057401.07 58982935 10873225 0 0 0 0
1455057461.98 58984591 10873443 0 0 0 0
1455057522.98 58984695 10873443 0 0 0 0
1455057583.89 58985239 10873833 0 0 0 0
1455057644.89 58985455 10873833 0 0 0 0
1455057710.88 58986103 10874223 0 0 0 0
1455057771.81 58986103 10874223 0 0 0 0
1455057832.74 58986751 10874613 0 0 0 0
1455057893.75 58986751 10874613 0 0 0 0
1455057954.71 58987615 10875003 0 0 0 0
1455058015.6 58987615 10875003 0 0 0 0
1455058076.56 58988263 10875393 0 0 0 0
1455058137.47 58988263 10875393 0 0 0 0
1455058198.37 58988911 10875783 0 0 0 0
1455058259.31 58988911 10875783 0 0 0 0
1455058320.26 58989559 10876173 0 0 0 0
1455058381.18 58989775 10876173 0 0 0 0
1455058442.08 58991323 10876563 0 0 0 0
1455058503.05 58994023 10876563 0 0 0 0
1455058564.14 58994671 10876953 0 0 0 0
1455058625.04 58994671 10876953 0 0 0 0
1455058685.98 58995662 10877343 0 0 0 0
1455058746.98 58995997 10877537 0 0 0 0
1455058807.9 58996229 10877583 0 0 0 0
1455058868.83 58996229 10877583 0 0 0 0
1455058929.74 58996813 10877927 0 0 0 0
1455058990.65 58996813 10877927 0 0 0 0
1455059051.57 58997461 10878317 0 0 0 0
1455059112.46 58997461 10878317 0 0 0 0
1455059173.39 58997909 10878363 0 0 0 0
1455059234.33 58997909 10878363 0 0 0 0
1455059295.28 58998557 10878753 0 0 0 0
1455059356.26 59000717 10878753 0 0 0 0
1455059417.15 59005181 10879143 0 0 0 0
1455059478.05 59005541 10879143 0 0 0 0
1455059538.96 59006125 10879487 0 0 0 0
1455059599.86 59006189 10879533 0 0 0 0
1455059660.78 59006501 10879705 0 0 0 0
1455059721.79 59006837 10879923 0 0 0 0
1455059782.77 59007045 10880009 0 0 0 0
1455059843.78 59007485 10880313 0 0 0 0
1455059904.68 59007485 10880313 0 0 0 0
1455059965.63 59008349 10880703 0 0 0 0
1455060026.52 59008349 10880703 0 0 0 0
1455060087.44 59008997 10881093 0 0 0 0
1455060148.52 59008997 10881093 0 0 0 0
1455060209.41 59009645 10881483 0 0 0 0
1455060270.29 59009645 10881483 0 0 0 0
1455060331.19 59010293 10881873 0 0 0 0
1455060392.19 59010293 10881873 0 0 0 0
1455060453.18 59010941 10882263 0 0 0 0
1455060521.78 59011157 10882263 0 0 0 0
1455060582.74 59011805 10882653 0 0 0 0
1455060643.79 59011805 10882653 0 0 0 0
1455060704.89 59012453 10883043 0 0 0 0
1455060765.83 59012453 10883043 0 0 0 0
1455060826.79 59013317 10883433 0 0 0 0
1455060887.81 59013317 10883433 0 0 0 0
1455060948.82 59013965 10883823 0 0 0 0
1455061009.79 59013965 10883823 0 0 0 0
1455061070.77 59014613 10884213 0 0 0 0
1455061131.72 59014613 10884213 0 0 0 0
1455061192.66 59015261 10884603 0 0 0 0
1455061253.91 59015537 10884603 0 0 0 0
1455061315.02 59016185 10884993 0 0 0 0
1455061375.99 59016185 10884993 0 0 0 0
1455061436.97 59016833 10885383 0 0 0 0
1455061498.23 59017049 10885383 0 0 0 0
1455061559.15 59017697 10885773 0 0 0 0
1455061620.18 59017697 10885773 0 0 0 0
1455061681.23 59018345 10886163 0 0 0 0
1455061742.28 59018345 10886163 0 0 0 0
1455061803.21 59018993 10886553 0 0 0 0
1455061864.21 59020033 10887111 0 0 0 0
1455061925.15 59020833 10887455 0 0 0 0
1455061986.28 59020897 10887501 0 0 0 0
1455062047.24 59021377 10887759 0 0 0 0
1455062108.14 59021545 10887891 0 0 0 0
1455062169.05 59021961 10888149 0 0 0 0
1455062230.06 59022193 10888281 0 0 0 0
1455062291.03 59022633 10888367 0 0 0 0
1455062352.04 59023303 10888865 0 0 0 0
1455062412.98 59023519 10888865 0 0 0 0
1455062473.9 59024167 10889255 0 0 0 0
1455062534.8 59024167 10889255 0 0 0 0
1455062600.78 59024815 10889645 0 0 0 0
1455062665.46 59024815 10889645 0 0 0 0
1455062726.34 59025615 10889989 0 0 0 0
1455062787.24 59025615 10889989 0 0 0 0
1455062848.16 59026263 10890379 0 0 0 0
1455062909.05 59026263 10890379 0 0 0 0
1455062969.96 59026911 10890769 0 0 0 0
1455063030.91 59026911 10890769 0 0 0 0
1455063091.86 59027559 10891159 0 0 0 0
1455063152.79 59027775 10891159 0 0 0 0
1455063213.72 59028423 10891549 0 0 0 0
1455063274.66 59028423 10891549 0 0 0 0
1455063350.63 59029287 10891939 0 0 0 0
1455063411.66 59029287 10891939 0 0 0 0
1455063472.72 59029935 10892329 0 0 0 0
1455063533.79 59029935 10892329 0 0 0 0
1455063603.75 59030519 10892673 0 0 0 0
1455063664.78 59030519 10892673 0 0 0 0
1455063725.7 59031167 10893063 0 0 0 0
1455063786.78 59031167 10893063 0 0 0 0
1455063847.77 59032031 10893453 0 0 0 0
1455063908.67 59032031 10893453 0 0 0 0
1455063969.58 59032679 10893843 0 0 0 0
1455064030.56 59032679 10893843 0 0 0 0
1455064091.54 59033543 10894233 0 0 0 0
1455064152.43 59033543 10894233 0 0 0 0
1455064213.32 59034191 10894623 0 0 0 0
1455064274.23 59034191 10894623 0 0 0 0
1455064335.24 59034423 10894669 0 0 0 0
1455064396.16 59034423 10894669 0 0 0 0
1455064457.11 59035071 10895059 0 0 0 0
1455064518.06 59035071 10895059 0 0 0 0
1455064579.03 59035719 10895449 0 0 0 0
1455064639.98 59035935 10895449 0 0 0 0
1455064700.88 59036583 10895839 0 0 0 0
1455064761.77 59036583 10895839 0 0 0 0
1455064822.69 59037231 10896229 0 0 0 0
1455064883.62 59037447 10896229 0 0 0 0
1455064944.58 59038095 10896619 0 0 0 0
1455065005.5 59038095 10896619 0 0 0 0
1455065066.39 59038743 10897009 0 0 0 0
1455065127.33 59038743 10897009 0 0 0 0
1455065188.21 59039391 10897399 0 0 0 0
1455065249.2 59039391 10897399 0 0 0 0
1455065317.32 59040255 10897789 0 0 0 0
1455065378.27 59040255 10897789 0 0 0 0
1455065439.17 59040839 10898133 0 0 0 0
1455065500.11 59040903 10898179 0 0 0 0
1455065561.01 59041487 10898523 0 0 0 0
1455065622.01 59041767 10898569 0 0 0 0
1455065682.94 59042287 10898913 0 0 0 0
1455065743.87 59042415 10898959 0 0 0 0
1455065804.79 59042623 10899045 0 0 0 0
1455065865.69 59043406 10899349 0 0 0 0
1455065931.62 59043949 10899629 0 0 0 0
1455065992.55 59044389 10899933 0 0 0 0
1455066053.49 59044493 10899933 0 0 0 0
1455066114.4 59045253 10900323 0 0 0 0
1455066175.29 59045253 10900323 0 0 0 0
1455066236.2 59045901 10900713 0 0 0 0
1455066297.14 59045901 10900713 0 0 0 0
1455066358.17 59046549 10901103 0 0 0 0
1455066419.13 59046765 10901103 0 0 0 0
1455066480.03 59047413 10901493 0 0 0 0
1455066540.95 59047413 10901493 0 0 0 0
1455066601.87 59047645 10901539 0 0 0 0
1455066663.45 59047645 10901539 0 0 0 0
1455066724.39 59048509 10901929 0 0 0 0
1455066785.4 59048509 10901929 0 0 0 0
1455066846.3 59049157 10902319 0 0 0 0
1455066907.38 59049157 10902319 0 0 0 0
1455066968.39 59049805 10902709 0 0 0 0
1455067029.43 59049805 10902709 0 0 0 0
1455067090.4 59050453 10903099 0 0 0 0
1455067151.41 59050669 10903099 0 0 0 0
1455067220.84 59051317 10903489 0 0 0 0
1455067281.76 59051317 10903489 0 0 0 0
1455067342.69 59051965 10903879 0 0 0 0
1455067403.62 59051965 10903879 0 0 0 0
1455067464.6 59052613 10904269 0 0 0 0
1455067525.58 59052613 10904269 0 0 0 0
1455067586.57 59053261 10904659 0 0 0 0
1455067647.51 59053477 10904659 0 0 0 0
1455067708.43 59054125 10905049 0 0 0 0
1455067769.32 59054125 10905049 0 0 0 0
1455067830.24 59054773 10905439 0 0 0 0
1455067891.14 59054989 10905439 0 0 0 0
1455067952.11 59055637 10905829 0 0 0 0
1455068013.04 59055637 10905829 0 0 0 0
1455068073.93 59056221 10906173 0 0 0 0
1455068134.87 59056285 10906219 0 0 0 0
1455068195.83 59056869 10906563 0 0 0 0
1455068256.73 59056869 10906563 0 0 0 0
1455068327.69 59057517 10906953 0 0 0 0
1455068388.76 59057733 10906953 0 0 0 0
1455068449.78 59058381 10907343 0 0 0 0
1455068510.74 59058381 10907343 0 0 0 0
1455068571.71 59059029 10907733 0 0 0 0
1455068632.69 59059029 10907733 0 0 0 0
1455068693.59 59059445 10907991 0 0 0 0
1455068754.52 59059677 10908123 0 0 0 0
1455068815.41 59059997 10908123 0 0 0 0
1455068876.33 59060541 10908513 0 0 0 0
1455068937.23 59060541 10908513 0 0 0 0
1455068998.18 59061189 10908903 0 0 0 0
1455069074.12 59061773 10909247 0 0 0 0
1455069135.18 59061837 10909293 0 0 0 0
1455069196.13 59062253 10909551 0 0 0 0
1455069257.14 59062701 10909683 0 0 0 0
1455069318.12 59063117 10909941 0 0 0 0
1455069379.06 59063349 10910073 0 0 0 0
1455069440.13 59063453 10910073 0 0 0 0
1455069501.17 59064381 10910417 0 0 0 0
1455069562.17 59064611 10910611 0 0 0 0
1455069623.09 59065259 10911001 0 0 0 0
1455069699.04 59065843 10911345 0 0 0 0
1455069760.09 59065907 10911391 0 0 0 0
1455069821.0 59066227 10911391 0 0 0 0
1455069882.0 59066771 10911781 0 0 0 0
1455069943.0 59066979 10911867 0 0 0 0
1455070003.95 59067419 10912171 0 0 0 0
1455070064.91 59067419 10912171 0 0 0 0
1455070125.86 59068283 10912561 0 0 0 0
1455070186.75 59068283 10912561 0 0 0 0
1455070247.64 59068931 10912951 0 0 0 0
1455070308.61 59068931 10912951 0 0 0 0
1455070369.55 59069579 10913341 0 0 0 0
1455070430.51 59069579 10913341 0 0 0 0
1455070491.47 59070227 10913731 0 0 0 0
1455070552.4 59070443 10913731 0 0 0 0
1455070613.29 59071091 10914121 0 0 0 0
1455070674.21 59071091 10914121 0 0 0 0
1455070735.15 59071739 10914511 0 0 0 0
1455070796.06 59071739 10914511 0 0 0 0
1455070857.08 59072387 10914901 0 0 0 0
1455070918.0 59072387 10914901 0 0 0 0
1455070978.94 59073251 10915291 0 0 0 0
1455071039.87 59073251 10915291 0 0 0 0
1455071100.77 59073899 10915681 0 0 0 0
1455071161.69 59073899 10915681 0 0 0 0
1455071225.84 59074547 10916071 0 0 0 0
1455071286.76 59074547 10916071 0 0 0 0
1455071347.71 59075411 10916461 0 0 0 0
1455071408.61 59075411 10916461 0 0 0 0
1455071469.51 59076059 10916851 0 0 0 0
1455071530.44 59076059 10916851 0 0 0 0
1455071591.4 59076707 10917241 0 0 0 0
1455071652.33 59076923 10917241 0 0 0 0
1455071713.22 59077571 10917631 0 0 0 0
1455071774.1 59077571 10917631 0 0 0 0
1455071835.06 59078155 10917975 0 0 0 0
1455071895.96 59078219 10918021 0 0 0 0
1455071956.92 59078803 10918365 0 0 0 0
1455072017.84 59079083 10918411 0 0 0 0
1455072078.85 59079291 10918497 0 0 0 0
1455072139.76 59079731 10918801 0 0 0 0
1455072200.65 59079939 10918887 0 0 0 0
1455072261.57 59080379 10919191 0 0 0 0
1455072322.47 59080379 10919191 0 0 0 0
1455072383.38 59081027 10919581 0 0 0 0
1455072444.28 59081243 10919581 0 0 0 0
1455072505.21 59081891 10919971 0 0 0 0
1455072566.27 59081891 10919971 0 0 0 0
1455072627.26 59082539 10920361 0 0 0 0
1455072688.31 59082539 10920361 0 0 0 0
1455072749.39 59083123 10920705 0 0 0 0
1455072810.37 59083123 10920705 0 0 0 0
1455072871.33 59083771 10921095 0 0 0 0
1455072932.32 59083771 10921095 0 0 0 0
1455072993.32 59084635 10921485 0 0 0 0
1455073054.3 59084635 10921485 0 0 0 0
1455073115.27 59085745 10922069 0 0 0 0
1455073176.33 59085745 10922069 0 0 0 0
1455073237.27 59086393 10922459 0 0 0 0
1455073298.22 59086393 10922459 0 0 0 0
1455073359.14 59087041 10922849 0 0 0 0
1455073420.15 59087041 10922849 0 0 0 0
1455073481.08 59087905 10923239 0 0 0 0
1455073542.57 59087905 10923239 0 0 0 0
1455073603.52 59088553 10923629 0 0 0 0
1455073664.41 59088553 10923629 0 0 0 0
1455073725.44 59089201 10924019 0 0 0 0
1455073786.5 59089201 10924019 0 0 0 0
1455073847.44 59089849 10924409 0 0 0 0
1455073908.38 59089849 10924409 0 0 0 0
1455073969.33 59090497 10924799 0 0 0 0
1455074030.27 59090713 10924799 0 0 0 0
1455074091.2 59091297 10925143 0 0 0 0
1455074152.22 59091361 10925189 0 0 0 0
1455074213.16 59091777 10925447 0 0 0 0
1455074274.07 59092009 10925579 0 0 0 0
1455074334.97 59092321 10925751 0 0 0 0
1455074395.96 59092593 10925923 0 0 0 0
1455074456.93 59092593 10925923 0 0 0 0
1455074517.84 59093241 10926313 0 0 0 0
1455074578.76 59093457 10926313 0 0 0 0
1455074639.77 59094105 10926703 0 0 0 0
1455074700.71 59094105 10926703 0 0 0 0
1455074761.71 59094753 10927093 0 0 0 0
1455074822.69 59094753 10927093 0 0 0 0
1455074893.64 59095401 10927483 0 0 0 0
1455074954.56 59095401 10927483 0 0 0 0
1455075015.46 59096265 10927873 0 0 0 0
1455075076.38 59096265 10927873 0 0 0 0
1455075137.28 59096913 10928263 0 0 0 0
1455075198.25 59096913 10928263 0 0 0 0
1455075259.13 59097777 10928653 0 0 0 0
1455075320.12 59097777 10928653 0 0 0 0
1455075388.88 59098425 10929043 0 0 0 0
1455075449.82 59098425 10929043 0 0 0 0
1455075510.78 59099073 10929433 0 0 0 0
1455075571.67 59099289 10929433 0 0 0 0
1455075632.63 59099937 10929823 0 0 0 0
1455075693.58 59099937 10929823 0 0 0 0
1455075754.5 59100585 10930213 0 0 0 0
1455075815.41 59100585 10930213 0 0 0 0
1455075876.32 59101233 10930603 0 0 0 0
1455075937.22 59101233 10930603 0 0 0 0
1455076005.92 59101881 10930993 0 0 0 0
1455076066.93 59102097 10930993 0 0 0 0
1455076132.07 59102745 10931383 0 0 0 0
1455076193.17 59102745 10931383 0 0 0 0
1455076254.08 59103609 10931773 0 0 0 0
1455076314.99 59103609 10931773 0 0 0 0
1455076375.92 59104257 10932163 0 0 0 0
1455076436.89 59104257 10932163 0 0 0 0
1455076497.87 59104905 10932553 0 0 0 0
1455076558.81 59104905 10932553 0 0 0 0
1455076619.79 59105769 10932943 0 0 0 0
1455076680.7 59105896 10932943 0 0 0 0
1455076750.04 59106879 10933527 0 0 0 0
1455076810.98 59106879 10933527 0 0 0 0
1455076871.92 59107327 10933573 0 0 0 0
1455076932.81 59107327 10933573 0 0 0 0
1455076993.72 59107975 10933963 0 0 0 0
1455077054.59 59107975 10933963 0 0 0 0
1455077115.52 59108623 10934353 0 0 0 0
1455077176.43 59108623 10934353 0 0 0 0
1455077244.87 59109271 10934743 0 0 0 0
1455077305.76 59109271 10934743 0 0 0 0
1455077366.72 59109919 10935133 0 0 0 0
1455077427.66 59110135 10935133 0 0 0 0
1455077488.7 59110783 10935523 0 0 0 0
1455077549.58 59110783 10935523 0 0 0 0
1455077610.5 59111431 10935913 0 0 0 0
1455077671.46 59111431 10935913 0 0 0 0
1455077732.35 59112015 10936257 0 0 0 0
1455077793.24 59112079 10936303 0 0 0 0
1455077854.14 59112663 10936647 0 0 0 0
1455077915.07 59112943 10936693 0 0 0 0
1455077975.97 59113255 10936865 0 0 0 0
1455078036.89 59114311 10937767 0 0 0 0
1455078097.79 59116215 10939477 0 0 0 0
1455078158.77 59117999 10940891 0 0 0 0
1455078219.71 59119439 10942259 0 0 0 0
1455078280.6 59121887 10944359 0 0 0 0
1455078341.58 59124047 10946411 0 0 0 0
1455078402.52 59126351 10948169 0 0 0 0
1455078463.45 59128151 10949879 0 0 0 0
1455078524.45 59130599 10951979 0 0 0 0
1455078585.37 59132399 10953689 0 0 0 0
1455078654.26 59134487 10955447 0 0 0 0
1455078715.28 59135927 10956815 0 0 0 0
1455078776.24 59138375 10958915 0 0 0 0
1455078837.33 59140175 10960625 0 0 0 0
1455078898.29 59141903 10962041 0 0 0 0
1455078959.28 59143919 10963751 0 0 0 0
1455079020.24 59146727 10966193 0 0 0 0
1455079084.6 59148167 10967561 0 0 0 0
1455079145.53 59150767 10969615 0 0 0 0
1455079206.51 59152567 10971325 0 0 0 0
1455079267.68 59154655 10973083 0 0 0 0
1455079336.64 59155735 10974109 0 0 0 0
1455079397.58 59158183 10976209 0 0 0 0
1455079458.48 59159623 10977577 0 0 0 0
1455079519.5 59162431 10980019 0 0 0 0
1455079580.39 59163871 10981387 0 0 0 0
1455079641.3 59165959 10983145 0 0 0 0
1455079702.32 59167975 10984855 0 0 0 0
1455079763.23 59169703 10986271 0 0 0 0
1455079824.12 59171143 10987639 0 0 0 0
1455079885.05 59173951 10990081 0 0 0 0
1455079945.96 59175391 10991449 0 0 0 0
1455080007.03 59177839 10993549 0 0 0 0
1455080067.98 59179279 10994917 0 0 0 0
1455080128.9 59181583 10996675 0 0 0 0
1455080189.9 59183383 10998385 0 0 0 0
1455080250.99 59185471 11000143 0 0 0 0
1455080311.9 59187373 11001705 0 0 0 0
1455080372.85 59189821 11003805 0 0 0 0
1455080442.13 59190901 11004831 0 0 0 0
1455080503.15 59193709 11007273 0 0 0 0
1455080579.1 59195509 11008983 0 0 0 0
1455080640.14 59197597 11010741 0 0 0 0
1455080701.09 59199613 11012451 0 0 0 0
1455080762.14 59201637 11014163 0 0 0 0
1455080828.4 59203797 11016215 0 0 0 0
1455080889.75 59205885 11017973 0 0 0 0
1455080950.81 59207325 11019341 0 0 0 0
1455081011.98 59209413 11021099 0 0 0 0
1455081073.07 59211213 11022809 0 0 0 0
1455081134.11 59213661 11024909 0 0 0 0
1455081195.32 59215461 11026619 0 0 0 0
1455081264.25 59217405 11028035 0 0 0 0
1455081325.29 59218845 11029403 0 0 0 0
1455081386.41 59220573 11030819 0 0 0 0
1455081447.5 59222373 11032529 0 0 0 0
1455081508.54 59225181 11034971 0 0 0 0
1455081569.61 59226261 11035997 0 0 0 0
1455081630.66 59228285 11037709 0 0 0 0
1455081691.7 59229725 11039077 0 0 0 0
1455081752.76 59232389 11041177 0 0 0 0
1455081813.9 59233829 11042545 0 0 0 0
1455081875.0 59235853 11044257 0 0 0 0
1455081936.04 59237653 11045967 0 0 0 0
1455081997.19 59239621 11047677 0 0 0 0
1455082058.24 59241485 11049433 0 0 0 0
1455082119.37 59243869 11051487 0 0 0 0
1455082180.46 59245373 11052901 0 0 0 0
1455082241.54 59247333 11054613 0 0 0 0
1455082302.58 59249261 11056369 0 0 0 0
1455082363.66 59251589 11058251 0 0 0 0
1455082424.81 59253725 11060179 0 0 0 0
1455082486.1 59255629 11061889 0 0 0 0
1455082547.23 59257613 11063647 0 0 0 0
1455082608.31 59259413 11065357 0 0 0 0
1455082669.41 59262437 11067799 0 0 0 0
1455082730.44 59264597 11069851 0 0 0 0
1455082791.55 59267045 11071951 0 0 0 0
1455082852.61 59268485 11073319 0 0 0 0
1455082913.64 59270157 11074733 0 0 0 0
1455082974.79 59271597 11076101 0 0 0 0
1455083035.9 59274045 11078201 0 0 0 0
1455083096.98 59275845 11079911 0 0 0 0
1455083158.05 59277933 11081669 0 0 0 0
1455083219.19 59279949 11083379 0 0 0 0
1455083286.13 59282397 11085479 0 0 0 0
1455083347.33 59283477 11086505 0 0 0 0
1455083408.38 59285565 11088263 0 0 0 0
1455083469.45 59288560 11089650 0 0 0 0
1455083535.55 59289144 11089994 0 0 0 0
1455083596.63 59289144 11089994 0 0 0 0
1455083657.76 59289792 11090384 0 0 0 0
1455083718.82 59289792 11090384 0 0 0 0
1455083779.89 59290240 11090430 0 0 0 0
1455083841.0 59290240 11090430 0 0 0 0
1455083902.25 59291120 11090820 0 0 0 0
1455083963.43 59291350 11091014 0 0 0 0
1455084024.54 59292214 11091404 0 0 0 0
1455084085.66 59292214 11091404 0 0 0 0
1455084146.86 59292862 11091794 0 0 0 0
1455084207.94 59293078 11091794 0 0 0 0
1455084269.15 59293726 11092184 0 0 0 0
1455084330.22 59293726 11092184 0 0 0 0
1455084391.27 59294374 11092574 0 0 0 0
1455084452.3 59294374 11092574 0 0 0 0
1455084513.33 59295022 11092964 0 0 0 0
1455084574.43 59295022 11092964 0 0 0 0
1455084635.51 59295670 11093354 0 0 0 0
1455084696.57 59295886 11093354 0 0 0 0
1455084757.61 59296534 11093744 0 0 0 0
1455084818.69 59296534 11093744 0 0 0 0
1455084879.75 59297118 11094088 0 0 0 0
1455084940.91 59297398 11094134 0 0 0 0
1455085002.02 59297774 11094306 0 0 0 0
1455085063.11 59297982 11094478 0 0 0 0
1455085124.15 59298190 11094564 0 0 0 0
1455085185.21 59298630 11094868 0 0 0 0
1455085246.3 59298734 11094868 0 0 0 0
1455085307.37 59299278 11095258 0 0 0 0
1455085368.39 59299278 11095258 0 0 0 0
1455085429.51 59299926 11095648 0 0 0 0
1455085490.62 59300142 11095648 0 0 0 0
1455085551.67 59300790 11096038 0 0 0 0
1455085612.77 59300790 11096038 0 0 0 0
1455085673.84 59301438 11096428 0 0 0 0
1455085734.97 59301438 11096428 0 0 0 0
1455085796.06 59302302 11096818 0 0 0 0
1455085872.09 59302302 11096818 0 0 0 0
1455085933.17 59302950 11097208 0 0 0 0
1455085994.27 59302950 11097208 0 0 0 0
1455086055.38 59303598 11097598 0 0 0 0
1455086116.49 59303598 11097598 0 0 0 0
1455086177.62 59304246 11097988 0 0 0 0
1455086238.7 59304246 11097988 0 0 0 0
1455086299.82 59305046 11098332 0 0 0 0
1455086360.92 59305046 11098332 0 0 0 0
1455086422.05 59305694 11098722 0 0 0 0
1455086483.17 59305694 11098722 0 0 0 0
1455086544.23 59306342 11099112 0 0 0 0
1455086605.35 59306342 11099112 0 0 0 0
1455086666.47 59306990 11099502 0 0 0 0
1455086727.58 59306990 11099502 0 0 0 0
1455086788.74 59307638 11099892 0 0 0 0
1455086849.87 59307638 11099892 0 0 0 0
1455086911.13 59308502 11100282 0 0 0 0
1455086976.47 59308502 11100282 0 0 0 0
1455087037.66 59309150 11100672 0 0 0 0
1455087098.95 59309150 11100672 0 0 0 0
1455087160.17 59309798 11101062 0 0 0 0
1455087221.38 59309798 11101062 0 0 0 0
1455087282.59 59310446 11101452 0 0 0 0
1455087343.77 59310662 11101452 0 0 0 0
1455087405.0 59311310 11101842 0 0 0 0
1455087466.25 59311437 11101842 0 0 0 0
1455087527.55 59312420 11102426 0 0 0 0
1455087588.76 59312420 11102426 0 0 0 0
1455087650.01 59313068 11102816 0 0 0 0
1455087715.21 59313068 11102816 0 0 0 0
1455087776.44 59313716 11103206 0 0 0 0
1455087837.66 59313716 11103206 0 0 0 0
1455087898.85 59314580 11103596 0 0 0 0
1455087960.05 59314580 11103596 0 0 0 0
1455088021.23 59315228 11103986 0 0 0 0
1455088082.44 59315228 11103986 0 0 0 0
1455088143.66 59315812 11104330 0 0 0 0
1455088204.87 59315876 11104376 0 0 0 0
1455088266.16 59316676 11104720 0 0 0 0
1455088327.4 59316740 11104766 0 0 0 0
1455088388.67 59317156 11105024 0 0 0 0
1455088449.86 59317388 11105156 0 0 0 0
1455088511.05 59317492 11105156 0 0 0 0
1455088572.25 59318036 11105546 0 0 0 0
1455088633.45 59318244 11105632 0 0 0 0
1455088694.65 59318684 11105936 0 0 0 0
1455088755.85 59318900 11105936 0 0 0 0
1455088817.05 59319548 11106326 0 0 0 0
1455088882.0 59319548 11106326 0 0 0 0
1455088943.27 59320196 11106716 0 0 0 0
1455089004.52 59320196 11106716 0 0 0 0
1455089065.74 59320844 11107106 0 0 0 0
1455089127.0 59320844 11107106 0 0 0 0
1455089188.29 59321292 11107152 0 0 0 0
1455089249.59 59321292 11107152 0 0 0 0
1455089311.19 59321940 11107542 0 0 0 0
1455089372.39 59321940 11107542 0 0 0 0
1455089433.58 59322740 11107886 0 0 0 0
1455089502.75 59322740 11107886 0 0 0 0
1455089564.05 59323388 11108276 0 0 0 0
1455089625.31 59323388 11108276 0 0 0 0
1455089686.64 59324036 11108666 0 0 0 0
1455089747.92 59324036 11108666 0 0 0 0
1455089809.24 59324268 11108712 0 0 0 0
1455089870.49 59324484 11108712 0 0 0 0
1455089931.79 59325132 11109102 0 0 0 0
1455089992.98 59325132 11109102 0 0 0 0
1455090054.16 59325780 11109492 0 0 0 0
1455090115.39 59325780 11109492 0 0 0 0
1455090183.94 59326428 11109882 0 0 0 0
1455090245.15 59326428 11109882 0 0 0 0
1455090306.38 59327076 11110272 0 0 0 0
1455090367.64 59327076 11110272 0 0 0 0
1455090428.91 59327940 11110662 0 0 0 0
1455090490.14 59327940 11110662 0 0 0 0
1455090551.4 59328588 11111052 0 0 0 0
1455090612.72 59328588 11111052 0 0 0 0
1455090673.91 59329236 11111442 0 0 0 0
1455090735.13 59329236 11111442 0 0 0 0
1455090804.57 59329884 11111832 0 0 0 0
1455090880.8 59329884 11111832 0 0 0 0
1455090941.97 59330748 11112222 0 0 0 0
1455091003.21 59330748 11112222 0 0 0 0
1455091064.51 59331523 11112612 0 0 0 0
1455091125.79 59331858 11112806 0 0 0 0
1455091187.09 59332506 11113196 0 0 0 0
1455091248.41 59332506 11113196 0 0 0 0
1455091309.63 59333154 11113586 0 0 0 0
1455091370.91 59333154 11113586 0 0 0 0
1455091432.2 59333802 11113976 0 0 0 0
1455091493.51 59334018 11113976 0 0 0 0
1455091554.76 59334666 11114366 0 0 0 0
1455091616.04 59334666 11114366 0 0 0 0
1455091677.29 59335314 11114756 0 0 0 0
1455091738.63 59335314 11114756 0 0 0 0
1455091799.95 59335962 11115146 0 0 0 0
1455091861.46 59335962 11115146 0 0 0 0
1455091922.68 59336410 11115192 0 0 0 0
1455091983.94 59336410 11115192 0 0 0 0
1455092049.3 59337058 11115582 0 0 0 0
1455092110.54 59337058 11115582 0 0 0 0
1455092171.79 59337706 11115972 0 0 0 0
1455092232.97 59337706 11115972 0 0 0 0
1455092294.22 59338354 11116362 0 0 0 0
1455092355.43 59338354 11116362 0 0 0 0
1455092416.64 59339002 11116752 0 0 0 0
1455092478.23 59339218 11116752 0 0 0 0
1455092539.43 59339866 11117142 0 0 0 0
1455092600.69 59339866 11117142 0 0 0 0
1455092662.0 59340514 11117532 0 0 0 0
1455092723.22 59340514 11117532 0 0 0 0
1455092784.51 59341162 11117922 0 0 0 0
1455092853.68 59341378 11117922 0 0 0 0
1455092914.86 59342026 11118312 0 0 0 0
1455092976.3 59342026 11118312 0 0 0 0
1455093038.04 59342674 11118702 0 0 0 0
1455093099.26 59342674 11118702 0 0 0 0
1455093160.44 59343322 11119092 0 0 0 0
1455093221.64 59343538 11119092 0 0 0 0
1455093282.91 59344122 11119436 0 0 0 0
1455093344.21 59344186 11119482 0 0 0 0
1455093405.44 59344706 11119826 0 0 0 0
1455093466.8 59344834 11119872 0 0 0 0
1455093528.16 59345042 11119958 0 0 0 0
1455093589.5 59345482 11120262 0 0 0 0
1455093650.89 59346010 11120434 0 0 0 0
1455093712.27 59346346 11120652 0 0 0 0
1455093773.73 59346346 11120652 0 0 0 0
1455093835.17 59346994 11121042 0 0 0 0
1455093904.35 59347098 11121042 0 0 0 0
1455093965.8 59347226 11121088 0 0 0 0
1455094028.1 59347538 11121260 0 0 0 0
1455094089.44 59347810 11121432 0 0 0 0
1455094150.83 59348026 11121432 0 0 0 0
1455094212.27 59348674 11121822 0 0 0 0
1455094273.81 59348674 11121822 0 0 0 0
1455094335.31 59349322 11122212 0 0 0 0
1455094396.65 59349538 11122212 0 0 0 0
1455094457.99 59350186 11122602 0 0 0 0
1455094519.34 59350186 11122602 0 0 0 0
1455094580.78 59350834 11122992 0 0 0 0
1455094642.24 59350834 11122992 0 0 0 0
1455094703.61 59351714 11123382 0 0 0 0
1455094764.97 59351944 11123576 0 0 0 0
1455094826.51 59352176 11123622 0 0 0 0
1455094899.83 59352176 11123622 0 0 0 0
1455094961.22 59353040 11124012 0 0 0 0
1455095022.57 59353040 11124012 0 0 0 0
1455095083.91 59353688 11124402 0 0 0 0
1455095145.26 59353688 11124402 0 0 0 0
1455095206.64 59354336 11124792 0 0 0 0
1455095268.03 59354336 11124792 0 0 0 0
1455095329.4 59354984 11125182 0 0 0 0
1455095390.75 59354984 11125182 0 0 0 0
1455095452.1 59355632 11125572 0 0 0 0
1455095513.53 59355632 11125572 0 0 0 0
1455095574.87 59356496 11125962 0 0 0 0
1455095636.2 59356496 11125962 0 0 0 0
1455095697.59 59357144 11126352 0 0 0 0
1455095759.1 59357144 11126352 0 0 0 0
1455095820.55 59357792 11126742 0 0 0 0
1455095882.04 59357792 11126742 0 0 0 0
1455095943.53 59358440 11127132 0 0 0 0
1455096012.18 59358656 11127132 0 0 0 0
1455096073.69 59359304 11127522 0 0 0 0
1455096135.03 59359304 11127522 0 0 0 0
1455096196.41 59359952 11127912 0 0 0 0
1455096257.73 59359952 11127912 0 0 0 0
1455096319.12 59360600 11128302 0 0 0 0
1455096380.55 59360816 11128302 0 0 0 0
1455096441.93 59361464 11128692 0 0 0 0
1455096503.28 59361464 11128692 0 0 0 0
1455096564.59 59362112 11129082 0 0 0 0
1455096625.94 59362112 11129082 0 0 0 0
1455096687.32 59362760 11129472 0 0 0 0
1455096748.7 59362760 11129472 0 0 0 0
1455096810.09 59363624 11129862 0 0 0 0
1455096871.43 59363624 11129862 0 0 0 0
1455096932.76 59364272 11130252 0 0 0 0
1455096994.12 59364272 11130252 0 0 0 0
1455097055.59 59365136 11130642 0 0 0 0
1455097116.95 59365136 11130642 0 0 0 0
1455097178.33 59365784 11131032 0 0 0 0
1455097239.69 59365784 11131032 0 0 0 0
1455097301.06 59366648 11131422 0 0 0 0
1455097362.48 59366648 11131422 0 0 0 0
1455097423.82 59367232 11131766 0 0 0 0
1455097485.2 59367296 11131812 0 0 0 0
1455097546.56 59367672 11131984 0 0 0 0
1455097607.91 59367944 11132202 0 0 0 0
1455097669.36 59368592 11132592 0 0 0 0
1455097738.55 59368592 11132592 0 0 0 0
1455097799.87 59368976 11132592 0 0 0 0
1455097861.2 59369040 11132638 0 0 0 0
1455097922.58 59369312 11132724 0 0 0 0
1455097984.07 59369688 11133028 0 0 0 0
1455098045.48 59370320 11133372 0 0 0 0
1455098106.9 59370552 11133418 0 0 0 0
1455098168.24 59370760 11133504 0 0 0 0
1455098229.73 59371200 11133808 0 0 0 0
1455098291.19 59371536 11133808 0 0 0 0
1455098352.69 59372310 11134392 0 0 0 0
1455098414.09 59372526 11134392 0 0 0 0
1455098475.48 59373174 11134782 0 0 0 0
1455098536.88 59373174 11134782 0 0 0 0
1455098598.35 59373822 11135172 0 0 0 0
1455098659.79 59373822 11135172 0 0 0 0
1455098721.23 59374470 11135562 0 0 0 0
1455098782.56 59374470 11135562 0 0 0 0
1455098843.91 59375118 11135952 0 0 0 0
1455098905.22 59375334 11135952 0 0 0 0
1455098966.67 59375982 11136342 0 0 0 0
1455099028.03 59375982 11136342 0 0 0 0
1455099089.41 59376630 11136732 0 0 0 0
1455099150.78 59376846 11136732 0 0 0 0
1455099212.11 59377494 11137122 0 0 0 0
1455099273.45 59377494 11137122 0 0 0 0
1455099334.8 59378142 11137512 0 0 0 0
1455099396.15 59378142 11137512 0 0 0 0
1455099457.46 59378790 11137902 0 0 0 0
1455099518.91 59378790 11137902 0 0 0 0
1455099580.3 59379654 11138292 0 0 0 0
1455099641.69 59379654 11138292 0 0 0 0
1455099703.12 59380302 11138682 0 0 0 0
1455099764.47 59380302 11138682 0 0 0 0
1455099825.98 59380950 11139072 0 0 0 0
1455099887.58 59380950 11139072 0 0 0 0
1455099949.06 59381814 11139462 0 0 0 0
1455100010.53 59381814 11139462 0 0 0 0
1455100072.06 59382462 11139852 0 0 0 0
1455100133.55 59382462 11139852 0 0 0 0
1455100195.02 59383110 11140242 0 0 0 0
1455100256.58 59383110 11140242 0 0 0 0
1455100318.1 59383758 11140632 0 0 0 0
1455100379.63 59383758 11140632 0 0 0 0
1455100441.14 59384406 11141022 0 0 0 0
1455100502.69 59384406 11141022 0 0 0 0
1455100564.18 59385270 11141412 0 0 0 0
1455100625.68 59385330 11141412 0 0 0 0
1455100687.16 59385914 11141756 0 0 0 0
1455100748.66 59385978 11141802 0 0 0 0
1455100810.12 59386562 11142146 0 0 0 0
1455100871.6 59386842 11142192 0 0 0 0
1455100933.08 59387490 11142582 0 0 0 0
1455101002.48 59387490 11142582 0 0 0 0
1455101064.04 59388354 11142972 0 0 0 0
1455101125.65 59388354 11142972 0 0 0 0
1455101187.16 59388522 11142972 0 0 0 0
1455101249.0 59388586 11143018 0 0 0 0
1455101318.59 59389234 11143408 0 0 0 0
1455101380.09 59389234 11143408 0 0 0 0
1455101441.54 59390098 11143798 0 0 0 0
1455101503.17 59390098 11143798 0 0 0 0
1455101564.68 59390682 11144142 0 0 0 0
1455101626.2 59390746 11144188 0 0 0 0
1455101687.65 59391330 11144532 0 0 0 0
1455101749.16 59391394 11144578 0 0 0 0
1455101810.64 59391706 11144750 0 0 0 0
1455101872.16 59392169 11144968 0 0 0 0
1455101933.69 59392816 11145334 0 0 0 0
1455101995.21 59393152 11145552 0 0 0 0
1455102056.72 59393576 11145638 0 0 0 0
1455102118.25 59394016 11145942 0 0 0 0
1455102179.74 59394120 11145942 0 0 0 0
1455102241.25 59394248 11145988 0 0 0 0
1455102302.75 59394464 11145988 0 0 0 0
1455102364.25 59395112 11146378 0 0 0 0
1455102425.71 59395112 11146378 0 0 0 0
1455102487.24 59395760 11146768 0 0 0 0
1455102548.77 59395760 11146768 0 0 0 0
1455102610.26 59396408 11147158 0 0 0 0
1455102671.74 59396624 11147158 0 0 0 0
1455102733.2 59397272 11147548 0 0 0 0
1455102794.69 59397272 11147548 0 0 0 0
1455102856.13 59397504 11147594 0 0 0 0
1455102917.64 59397608 11147594 0 0 0 0
1455102994.19 59398152 11147984 0 0 0 0
1455103056.08 59398152 11147984 0 0 0 0
1455103117.56 59398800 11148374 0 0 0 0
1455103179.11 59399448 11148764 0 0 0 0
1455103255.58 59399664 11148764 0 0 0 0
1455103332.12 59400312 11149154 0 0 0 0
1455103397.96 59400312 11149154 0 0 0 0
1455103459.55 59400960 11149544 0 0 0 0
1455103521.12 59400960 11149544 0 0 0 0
1455103582.72 59401608 11149934 0 0 0 0
1455103644.27 59401608 11149934 0 0 0 0
1455103705.83 59402472 11150324 0 0 0 0
1455103767.39 59402472 11150324 0 0 0 0
1455103829.12 59403120 11150714 0 0 0 0
1455103890.69 59403120 11150714 0 0 0 0
1455103952.35 59403768 11151104 0 0 0 0
1455104014.4 59403984 11151104 0 0 0 0
1455104075.9 59404568 11151448 0 0 0 0
1455104137.63 59404632 11151494 0 0 0 0
1455104199.14 59405280 11151884 0 0 0 0
1455104260.73 59405280 11151884 0 0 0 0
1455104322.24 59405928 11152274 0 0 0 0
1455104383.78 59405928 11152274 0 0 0 0
1455104445.3 59406408 11152532 0 0 0 0
1455104506.89 59406792 11152664 0 0 0 0
1455104568.4 59407312 11153008 0 0 0 0
1455104629.88 59407440 11153054 0 0 0 0
1455104691.37 59407544 11153054 0 0 0 0
1455104752.84 59408088 11153444 0 0 0 0
1455104814.56 59408192 11153444 0 0 0 0
1455104876.26 59408736 11153834 0 0 0 0
1455104937.73 59409384 11154224 0 0 0 0
1455105015.72 59410018 11154421 0 0 0 0
1455105087.21 59411288 11155172 0 0 0 0
1455105148.71 59411288 11155172 0 0 0 0
1455105210.29 59411936 11155562 0 0 0 0
1455105271.85 59411936 11155562 0 0 0 0
1455105333.39 59412584 11155952 0 0 0 0
1455105394.91 59412800 11155952 0 0 0 0
1455105456.45 59413448 11156342 0 0 0 0
1455105517.95 59413910 11156536 0 0 0 0
1455105579.52 59414558 11156926 0 0 0 0
1455105641.16 59414558 11156926 0 0 0 0
1455105702.7 59415142 11157270 0 0 0 0
1455105764.25 59415206 11157316 0 0 0 0
1455105826.01 59415590 11157316 0 0 0 0
1455105887.54 59415654 11157362 0 0 0 0
1455105949.1 59415966 11157534 0 0 0 0
1455106010.63 59416302 11157752 0 0 0 0
1455106072.57 59416614 11157924 0 0 0 0
1455106134.03 59416950 11158142 0 0 0 0
1455106195.68 59417262 11158314 0 0 0 0
1455106257.3 59417598 11158532 0 0 0 0
1455106318.95 59417814 11158532 0 0 0 0
1455106380.64 59418462 11158922 0 0 0 0
1455106442.28 59418462 11158922 0 0 0 0
1455106503.98 59419110 11159312 0 0 0 0
1455106573.7 59419422 11159484 0 0 0 0
1455106640.4 59419758 11159702 0 0 0 0
1455106702.04 59420494 11160046 0 0 0 0
1455106763.7 59420622 11160092 0 0 0 0
1455106825.33 59420934 11160264 0 0 0 0
1455106886.93 59421270 11160482 0 0 0 0
1455106957.05 59421854 11160826 0 0 0 0
1455107018.66 59422134 11160872 0 0 0 0
1455107095.29 59422782 11161262 0 0 0 0
1455107156.92 59422782 11161262 0 0 0 0
1455107218.58 59423014 11161308 0 0 0 0
1455107280.24 59423014 11161308 0 0 0 0
1455107341.91 59423878 11161698 0 0 0 0
1455107403.55 59423878 11161698 0 0 0 0
1455107465.17 59424526 11162088 0 0 0 0
1455107526.8 59424526 11162088 0 0 0 0
1455107588.45 59425174 11162478 0 0 0 0
1455107650.08 59425174 11162478 0 0 0 0
1455107711.71 59426038 11162868 0 0 0 0
1455107773.39 59426038 11162868 0 0 0 0
1455107835.03 59426622 11163212 0 0 0 0
1455107896.63 59426686 11163258 0 0 0 0
1455107958.26 59427166 11163516 0 0 0 0
1455108019.95 59427334 11163648 0 0 0 0
1455108081.64 59427750 11163906 0 0 0 0
1455108143.26 59428198 11164038 0 0 0 0
1455108204.86 59428406 11164124 0 0 0 0
1455108266.47 59428846 11164428 0 0 0 0
1455108328.13 59429054 11164514 0 0 0 0
1455108389.74 59429494 11164818 0 0 0 0
1455108456.44 59429702 11164904 0 0 0 0
1455108518.11 59430358 11165208 0 0 0 0
1455108579.76 59430566 11165294 0 0 0 0
1455108641.46 59431006 11165598 0 0 0 0
1455108707.03 59431214 11165684 0 0 0 0
1455108768.68 59431870 11165988 0 0 0 0
1455108830.55 59432078 11166074 0 0 0 0
1455108892.17 59432518 11166378 0 0 0 0
1455108953.89 59432622 11166378 0 0 0 0
1455109015.59 59433166 11166768 0 0 0 0
1455109087.57 59433877 11167112 0 0 0 0
1455109149.21 59434492 11167352 0 0 0 0
1455109210.96 59434700 11167438 0 0 0 0
1455109272.63 59435140 11167742 0 0 0 0
1455109334.28 59435244 11167742 0 0 0 0
1455109396.64 59435724 11168086 0 0 0 0
1455109458.37 59436140 11168344 0 0 0 0
1455109520.07 59436372 11168476 0 0 0 0
1455109581.72 59436684 11168648 0 0 0 0
1455109643.32 59437236 11168866 0 0 0 0
1455109706.92 59437340 11168866 0 0 0 0
1455109768.62 59437884 11169256 0 0 0 0
1455109830.3 59437884 11169256 0 0 0 0
1455109891.92 59438748 11169646 0 0 0 0
1455109953.57 59438748 11169646 0 0 0 0
1455110015.21 59438980 11169692 0 0 0 0
1455110076.84 59438980 11169692 0 0 0 0
1455110138.57 59439428 11169738 0 0 0 0
1455110200.21 59439428 11169738 0 0 0 0
1455110261.87 59440076 11170128 0 0 0 0
1455110323.51 59440076 11170128 0 0 0 0
1455110385.27 59440724 11170518 0 0 0 0
1455110447.06 59440940 11170518 0 0 0 0
1455110508.7 59441588 11170908 0 0 0 0
1455110570.39 59441588 11170908 0 0 0 0
1455110632.05 59442236 11171298 0 0 0 0
1455110693.74 59442236 11171298 0 0 0 0
1455110755.45 59442884 11171688 0 0 0 0
1455110817.07 59442884 11171688 0 0 0 0
1455110878.81 59443532 11172078 0 0 0 0
1455110940.49 59443532 11172078 0 0 0 0
1455111002.31 59444396 11172468 0 0 0 0
1455111064.01 59444396 11172468 0 0 0 0
1455111125.72 59444980 11172812 0 0 0 0
1455111187.39 59444980 11172812 0 0 0 0
1455111249.17 59445628 11173202 0 0 0 0
1455111310.84 59445628 11173202 0 0 0 0
1455111372.59 59446492 11173592 0 0 0 0
1455111434.23 59446492 11173592 0 0 0 0
1455111496.26 59447140 11173982 0 0 0 0
1455111557.91 59447140 11173982 0 0 0 0
1455111619.53 59448004 11174372 0 0 0 0
1455111681.16 59448004 11174372 0 0 0 0
1455111742.79 59448652 11174762 0 0 0 0
1455111804.41 59448652 11174762 0 0 0 0
1455111866.03 59449300 11175152 0 0 0 0
1455111942.66 59449300 11175152 0 0 0 0
1455112004.28 59449948 11175542 0 0 0 0
1455112065.96 59449948 11175542 0 0 0 0
1455112127.56 59450596 11175932 0 0 0 0
1455112189.21 59450812 11175932 0 0 0 0
1455112250.89 59451460 11176322 0 0 0 0
1455112327.56 59451460 11176322 0 0 0 0
1455112389.43 59452324 11176712 0 0 0 0
1455112451.17 59452324 11176712 0 0 0 0
1455112520.62 59452972 11177102 0 0 0 0
1455112582.31 59452972 11177102 0 0 0 0
1455112644.09 59453620 11177492 0 0 0 0
1455112705.88 59453977 11177599 0 0 0 0
1455112767.67 59454946 11178076 0 0 0 0
1455112836.84 59454946 11178076 0 0 0 0
1455112898.68 59455178 11178122 0 0 0 0
1455112960.58 59455178 11178122 0 0 0 0
1455113022.35 59455826 11178512 0 0 0 0
1455113084.2 59455826 11178512 0 0 0 0
1455113145.99 59456474 11178902 0 0 0 0
1455113207.88 59456474 11178902 0 0 0 0
1455113269.72 59457338 11179292 0 0 0 0
1455113331.5 59457338 11179292 0 0 0 0
1455113393.27 59457986 11179682 0 0 0 0
1455113455.04 59457986 11179682 0 0 0 0
1455113516.85 59458634 11180072 0 0 0 0
1455113578.7 59458634 11180072 0 0 0 0
1455113640.49 59459282 11180462 0 0 0 0
1455113702.33 59459498 11180462 0 0 0 0
1455113764.12 59460146 11180852 0 0 0 0
1455113825.98 59460146 11180852 0 0 0 0
1455113887.74 59460730 11181196 0 0 0 0
1455113949.51 59460730 11181196 0 0 0 0
1455114011.32 59461378 11181586 0 0 0 0
1455114073.1 59461594 11181586 0 0 0 0
1455114134.98 59462242 11181976 0 0 0 0
1455114201.75 59462242 11181976 0 0 0 0
1455114264.0 59462890 11182366 0 0 0 0
1455114325.76 59462890 11182366 0 0 0 0
1455114387.54 59463754 11182756 0 0 0 0
1455114449.35 59463754 11182756 0 0 0 0
1455114526.33 59463986 11182802 0 0 0 0
1455114588.13 59463986 11182802 0 0 0 0
1455114649.9 59464634 11183192 0 0 0 0
1455114711.79 59464634 11183192 0 0 0 0
1455114773.67 59465282 11183582 0 0 0 0
1455114835.55 59465282 11183582 0 0 0 0
1455114897.31 59465930 11183972 0 0 0 0
1455114959.12 59466146 11183972 0 0 0 0
1455115020.87 59466794 11184362 0 0 0 0
1455115082.65 59466794 11184362 0 0 0 0
1455115144.53 59467442 11184752 0 0 0 0
1455115206.34 59467658 11184752 0 0 0 0
1455115268.12 59468306 11185142 0 0 0 0
1455115329.91 59468306 11185142 0 0 0 0
1455115391.71 59469170 11185532 0 0 0 0
1455115453.87 59469170 11185532 0 0 0 0
1455115515.63 59469818 11185922 0 0 0 0
1455115577.41 59469818 11185922 0 0 0 0
1455115639.25 59470466 11186312 0 0 0 0
1455115701.23 59470682 11186312 0 0 0 0
1455115763.02 59550513 11239517 0 0 0 0
1455115832.05 59749782 11276398 0 0 0 0
1455115893.94 59819829 11329958 0 0 0 0
1455115970.78 59868449 11347340 0 0 0 0
1455116036.97 59887424 11359248 0 0 0 0
1455116098.87 59912830 11370845 0 0 0 0
1455116165.7 59941965 11386285 0 0 0 0
1455116227.47 59995835 11397590 0 0 0 0
1455116289.26 60702126 11431352 0 0 0 0
1455116351.06 60727714 11446330 0 0 0 0
1455116412.79 61257678 11487673 0 0 0 0
1455116474.6 61266822 11494343 0 0 0 0
1455116536.46 61315623 11521332 0 0 0 0
1455116598.35 61778893 11600322 0 0 0 0
1455116660.13 62254423 11680463 0 0 0 0
1455116721.92 62641383 11720914 0 0 0 0
1455116792.01 62658753 11732806 0 0 0 0
1455116853.95 62674335 11740766 0 0 0 0
1455116915.73 62682680 11746125 0 0 0 0
1455116977.51 62698712 11759513 0 0 0 0
1455117039.28 62718439 11774841 0 0 0 0
1455117101.13 62863530 11815239 0 0 0 0
1455117162.89 62878180 11830425 0 0 0 0
1455117224.65 62884900 11835527 0 0 0 0
1455117286.39 62894096 11840502 0 0 0 0
1455117348.18 62910610 11848679 0 0 0 0
1455117410.0 62918115 11853850 0 0 0 0
1455117471.78 63017772 11887304 0 0 0 0
1455117533.65 64884229 12321505 0 0 0 0
1455117595.41 65149427 12506460 0 0 0 0
1455117672.19 65586805 12592949 0 0 0 0
1455117733.92 66508087 12660260 0 0 0 0
1455117795.8 66731394 12726585 0 0 0 0
1455117864.76 66814441 12768103 0 0 0 0
1455117926.51 66869902 12779578 0 0 0 0
1455117988.3 67459813 12862555 0 0 0 0
1455118050.07 67483816 12882141 0 0 0 0
1455118111.95 67510631 12902266 0 0 0 0
1455118173.74 68193191 12935825 0 0 0 0
1455118235.73 68250560 12963112 0 0 0 0
1455118297.71 68646786 13018035 0 0 0 0
1455118368.59 68666593 13031616 0 0 0 0
1455118430.43 68688421 13048560 0 0 0 0
1455118507.27 68695013 13053283 0 0 0 0
1455118569.15 68866149 13090550 0 0 0 0
1455118635.92 68882976 13100806 0 0 0 0
1455118697.72 68904207 13125617 0 0 0 0
1455118759.59 68938429 13140672 0 0 0 0
1455118821.4 68956821 13149558 0 0 0 0
1455118883.16 68976226 13158553 0 0 0 0
1455118944.95 68987787 13166008 0 0 0 0
1455119006.75 68997568 13175706 0 0 0 0
1455119068.62 69072899 13204526 0 0 0 0
1455119130.58 69327469 13268240 0 0 0 0
1455119192.62 69441947 13297701 0 0 0 0
1455119254.57 71245719 13442246 0 0 0 0
1455119316.6 71317871 13479181 0 0 0 0
1455119393.56 71332873 13489568 0 0 0 0
1455119455.48 72054408 13615457 0 0 0 0
1455119517.48 72165374 13647251 0 0 0 0
1455119579.38 72178195 13660260 0 0 0 0
1455119641.3 72211603 13679159 0 0 0 0
1455119703.21 73941994 13861679 0 0 0 0
1455119765.12 73968173 13885336 0 0 0 0
1455119836.85 74067971 13938013 0 0 0 0
1455119898.77 74122260 13969721 0 0 0 0
1455119960.8 74146365 13986461 0 0 0 0
1455120022.7 74182653 14018726 0 0 0 0
1455120084.6 74227890 14029248 0 0 0 0
1455120146.58 74296215 14088188 0 0 0 0
1455120216.81 74315319 14102673 0 0 0 0
1455120278.72 74363815 14124295 0 0 0 0
1455120340.72 74377825 14140272 0 0 0 0
1455120402.87 74425687 14178524 0 0 0 0
1455120473.19 74440866 14188570 0 0 0 0
1455120535.09 74483966 14212684 0 0 0 0
1455120597.02 74498020 14223841 0 0 0 0
1455120659.03 74520453 14236760 0 0 0 0
1455120720.97 74541788 14257431 0 0 0 0
1455120782.87 74551517 14264663 0 0 0 0
1455120844.78 75195050 14325066 0 0 0 0
1455120915.48 75329604 14378515 0 0 0 0
1455120977.39 75356019 14402293 0 0 0 0
1455121039.58 75388543 14414501 0 0 0 0
1455121101.51 75436593 14450782 0 0 0 0
1455121163.4 75464621 14464602 0 0 0 0
1455121232.75 75489969 14490144 0 0 0 0
1455121294.71 75706410 14600408 0 0 0 0
1455121356.6 76188103 14680383 0 0 0 0
1455121418.54 76282120 14713477 0 0 0 0
1455121480.49 76331421 14742352 0 0 0 0
1455121542.48 76370189 14769244 0 0 0 0
1455121604.49 76666886 14850409 0 0 0 0
1455121666.58 78602354 15043274 0 0 0 0
1455121739.37 78623226 15061679 0 0 0 0
1455121801.31 78928850 15109323 0 0 0 0
1455121863.29 80205971 15206084 0 0 0 0
1455121925.34 80613593 15318022 0 0 0 0
1455121987.48 80639376 15341856 0 0 0 0
1455122049.4 80659540 15357042 0 0 0 0
1455122111.37 80685369 15374614 0 0 0 0
1455122173.32 80706746 15393331 0 0 0 0
1455122235.47 80737338 15413279 0 0 0 0
1455122297.41 80769569 15429352 0 0 0 0
1455122359.3 80786975 15443057 0 0 0 0
1455122421.23 81186465 15481989 0 0 0 0
1455122483.22 81430443 15510629 0 0 0 0
1455122545.32 81449681 15526086 0 0 0 0
1455122607.24 81464517 15536002 0 0 0 0
1455122675.86 81483772 15547555 0 0 0 0
1455122737.89 81624824 15600088 0 0 0 0
1455122799.79 81650691 15617582 0 0 0 0
1455122861.69 81885799 15695059 0 0 0 0
1455122923.62 81933182 15717784 0 0 0 0
1455122985.54 81956067 15731283 0 0 0 0
1455123047.45 81974637 15744089 0 0 0 0
1455123109.35 82002325 15768005 0 0 0 0
1455123171.27 82636831 15833658 0 0 0 0
1455123248.26 83556364 15931235 0 0 0 0
1455123315.22 83925352 15983328 0 0 0 0
1455123377.23 83998257 16040839 0 0 0 0
1455123439.15 84038925 16114583 0 0 0 0
1455123501.14 85036219 16231700 0 0 0 0
1455123563.04 85092704 16277806 0 0 0 0
1455123630.02 85375872 16327051 0 0 0 0
1455123691.92 85971012 16427925 0 0 0 0
1455123753.83 86011658 16460310 0 0 0 0
1455123815.72 86070311 16520107 0 0 0 0
1455123877.66 86126959 16591577 0 0 0 0
1455123939.59 86173441 16638719 0 0 0 0
1455124001.56 86199807 16665403 0 0 0 0
1455124063.51 86261943 16698735 0 0 0 0
1455124125.44 86272855 16706116 0 0 0 0
1455124187.42 86302885 16723373 0 0 0 0
1455124249.32 86313338 16730652 0 0 0 0
1455124321.67 86326354 16741594 0 0 0 0
1455124383.71 86467579 16784187 0 0 0 0
1455124445.76 86532427 16812284 0 0 0 0
1455124507.92 86540365 16818650 0 0 0 0
1455124569.91 86553222 16827912 0 0 0 0
1455124631.98 86573394 16842898 0 0 0 0
1455124693.91 86668962 16868644 0 0 0 0
1455124755.83 87212027 16945240 0 0 0 0
1455124817.88 87243386 16962753 0 0 0 0
1455124879.85 87289808 16990034 0 0 0 0
1455124941.76 87508233 17047652 0 0 0 0
1455125003.73 87526169 17070210 0 0 0 0
1455125065.71 87536824 17077218 0 0 0 0
1455125127.64 87554999 17099735 0 0 0 0
1455125189.57 90741850 17672707 0 0 0 0
1455125252.24 95362224 19096717 0 0 0 0
1455125321.75 95593006 19171920 0 0 0 0
1455125383.74 95648115 19223807 0 0 0 0
1455125460.66 95665256 19235787 0 0 0 0
1455125522.66 95695982 19256934 0 0 0 0
1455125584.8 95714740 19272075 0 0 0 0
1455125646.91 95859966 19314693 0 0 0 0
1455125709.09 95895708 19328931 0 0 0 0
1455125771.37 95940248 19361474 0 0 0 0
1455125833.48 95950925 19375379 0 0 0 0
1455125895.7 95977778 19419778 0 0 0 0
1455125957.78 96042240 19437431 0 0 0 0
1455126019.87 96125374 19469374 0 0 0 0
1455126088.29 96161150 19522115 0 0 0 0
1455126150.35 96177851 19545871 0 0 0 0
1455126212.44 96208925 19594994 0 0 0 0
1455126274.57 96288662 19634654 0 0 0 0
1455126336.7 96356589 19711849 0 0 0 0
1455126407.51 96388181 19766948 0 0 0 0
1455126469.65 96451886 19791805 0 0 0 0
1455126531.78 96510735 19835383 0 0 0 0
1455126593.85 96521599 19845721 0 0 0 0
1455126655.91 96556601 19871076 0 0 0 0
1455126717.98 96564365 19874870 0 0 0 0
1455126780.17 96582354 19886228 0 0 0 0
1455126842.23 96591521 19893532 0 0 0 0
1455126904.33 96609895 19911856 0 0 0 0
1455126970.34 96653984 19934268 0 0 0 0
1455127032.4 97687312 20039450 0 0 0 0
1455127094.5 98075969 20119545 0 0 0 0
1455127169.32 99313520 20248307 0 0 0 0
1455127231.4 99491953 20278506 0 0 0 0
1455127308.44 99501353 20284197 0 0 0 0
1455127370.5 99513985 20291242 0 0 0 0
1455127447.63 99526213 20301043 0 0 0 0
1455127509.94 99542001 20315760 0 0 0 0
1455127572.12 99551395 20320408 0 0 0 0
1455127634.36 99556803 20323897 0 0 0 0
1455127696.47 99568610 20333159 0 0 0 0
1455127758.71 99592118 20356888 0 0 0 0
1455127820.8 99610685 20374120 0 0 0 0
1455127883.25 99616121 20377748 0 0 0 0
1455127945.34 99634390 20390924 0 0 0 0
1455128012.4 99642058 20396671 0 0 0 0
1455128074.44 99651574 20406024 0 0 0 0
1455128136.55 99667801 20422679 0 0 0 0
1455128198.69 99679819 20428648 0 0 0 0
1455128260.79 99707644 20441952 0 0 0 0
1455128322.85 99723606 20462674 0 0 0 0
1455128384.93 99771616 20495170 0 0 0 0
1455128447.06 101817923 20878036 0 0 0 0
1455128509.23 102331839 21072953 0 0 0 0
1455128571.37 102796728 21204884 0 0 0 0
1455128648.51 102862655 21239924 0 0 0 0
1455128710.64 102936522 21296653 0 0 0 0
1455128772.76 103141800 21371056 0 0 0 0
1455128834.9 105556171 21579352 0 0 0 0
1455128897.03 107657600 21946288 0 0 0 0
1455128959.2 109131304 22188156 0 0 0 0
1455129029.54 111286055 22400596 0 0 0 0
1455129099.53 112165451 22546007 0 0 0 0
1455129161.59 112206709 22589255 0 0 0 0
1455129223.68 112894550 22671487 0 0 0 0
1455129285.74 112918935 22697381 0 0 0 0
1455129347.85 112935670 22712536 0 0 0 0
1455129409.98 112956968 22734364 0 0 0 0
1455129472.02 112981517 22757350 0 0 0 0
1455129534.2 113009205 22789491 0 0 0 0
1455129596.71 119475243 22998032 0 0 0 0
1455129658.75 120233394 23138471 0 0 0 0
1455129720.82 120774676 23330931 0 0 0 0
1455129782.86 121400233 23506101 0 0 0 0